5 30 10 0 60 120 186 10 0 1 0 0 0 0 0
6 11 15 0 104 55 12 20 0 1 0 0 0 0 0
20 41 190 0 243 775 50 1140 2 3 0 0 0 0 0
2 8 1 0 31 8 12 0 0 0 0 0 0 0 0
5 15 9 1 39 54 20 7 0 0 6 3 0 0 0
2 5 1 0 32 5 6 0 0 0 0 0 0 0 0
3 3 2 1 8 5 1 0 0 0 1 1 0 0 0
3 3 2 1 8 5 1 0 0 0 1 1 0 0 0
3 8 3 0 32 16 7 1 0 1 0 0 0 0 0
2 2 0 1 4 0 0 0 0 0 2 0 0 0 0
2 4 0 1 13 0 3 0 0 0 2 0 1 0 0
3 7 1 2 33 5 10 0 0 1 9 0 0 1 0
5 8 8 2 47 27 10 5 0 1 5 4 0 1 0
1 19 0 0 41 0 171 0 0 0 0 0 0 0 0
2 30 1 0 36 30 291 0 0 0 0 0 0 0 0
25 28 300 0 149 670 24 2300 1 1 0 0 0 0 0
7 10 21 0 68 60 11 35 0 0 0 0 0 0 0
1 18 0 0 44 0 141 0 0 12 0 0 0 0 0
19 44 159 12 149 710 97 781 0 4 82 172 0 16 0
3 4 2 1 11 5 3 0 0 0 3 1 0 0 0
2 8 1 0 40 8 15 0 0 1 0 0 0 0 0
5 6 9 1 14 23 6 7 0 0 1 3 0 0 0
2 4 0 1 6 0 3 0 0 0 4 0 0 0 0
3 41 3 0 127 82 663 1 0 6 0 0 0 0 0
4 8 6 0 89 24 6 4 0 1 0 0 0 0 0
38 118 697 6 461 4269 548 8222 6 6 85 212 0 2 0
2 7 1 0 92 7 11 0 0 0 0 0 0 0 0
3 12 3 0 70 22 26 1 1 4 0 0 0 0 0
3 9 2 1 73 11 12 0 0 0 7 1 0 0 0
9 58 34 2 203 381 632 71 2 5 79 12 0 1 0
3 11 2 1 120 11 16 0 1 1 9 1 0 0 0
1 1 0 0 1 0 0 0 0 0 0 0 0 0 0
2 1 1 0 17 1 0 0 0 0 0 0 0 0 0
9 35 35 1 99 260 177 77 2 5 16 7 0 0 0
18 26 150 3 103 419 33 769 5 0 13 46 0 1 0
12 40 64 2 95 405 149 201 3 1 29 18 0 1 0
1 8 0 0 35 0 27 0 0 1 0 0 0 0 0
5 31 10 0 85 118 99 10 3 1 0 0 0 0 0
3 27 2 1 86 35 105 0 0 4 17 1 1 0 0
2 18 1 0 53 18 72 0 0 1 0 0 0 0 0
1 8 0 0 35 0 27 0 0 1 0 0 0 0 0
2 23 0 1 38 0 139 0 0 2 23 0 0 0 0
2 8 1 0 34 8 27 0 0 1 0 0 0 0 0
11 27 52 3 121 234 58 139 4 5 24 25 2 1 0
12 45 62 4 163 431 178 182 3 14 52 36 3 2 0
6 17 12 3 39 62 41 11 1 6 21 6 0 3 0
2 27 1 0 74 25 171 0 1 10 0 0 0 0 0
7 54 18 3 234 232 230 22 13 16 46 12 10 0 1
6 17 12 3 39 62 41 11 1 6 21 6 0 3 0
3 28 2 1 86 37 114 0 0 3 17 1 1 0 0
1 10 0 0 27 0 42 0 0 3 0 0 0 0 0
1 10 0 0 27 0 42 0 0 3 0 0 0 0 0
1 10 0 0 27 0 42 0 0 3 0 0 0 0 0
2 14 1 0 32 14 48 0 0 3 0 0 0 0 0
5 77 10 0 195 306 888 10 1 2 0 0 0 0 0
30 77 433 2 509 2200 139 4004 4 17 7 56 9 0 0
15 61 105 0 222 836 688 455 9 8 0 0 0 0 0
29 40 406 0 303 1108 47 3654 6 2 0 0 0 0 0
1 4 0 0 77 0 6 0 0 0 0 0 0 0 0
7 35 21 0 255 208 108 35 1 9 0 0 0 0 0
2 9 1 0 34 9 36 0 0 0 0 0 0 0 0
1 1 0 0 9 0 0 0 0 0 0 0 0 0 0
10 35 45 0 143 315 92 120 0 4 0 0 0 0 0
1 1 0 0 5 0 0 0 0 0 0 0 0 0 0
2 5 1 0 30 5 8 0 0 2 0 0 0 0 0
1 14 0 0 13 0 88 0 0 3 0 0 0 0 0
15 13 102 3 57 175 5 419 0 0 7 33 0 3 0
5 90 10 0 228 356 984 10 2 5 0 0 0 0 0
29 105 403 3 531 2830 724 3574 15 11 76 79 2 1 0
21 45 208 2 318 880 82 1293 5 4 10 36 0 1 0
9 27 36 0 184 216 60 84 0 0 0 0 0 0 0
2 8 1 0 44 8 25 0 0 3 0 0 0 0 0
9 45 33 3 125 316 632 63 1 5 40 21 1 0 0
1 1 0 0 8 0 0 0 0 0 0 0 0 0 0
1 4 0 0 2 0 3 0 0 3 0 0 0 0 0
5 2 7 3 77 4 0 3 0 0 4 6 0 0 1
7 29 18 3 95 125 177 21 1 4 47 13 0 1 0
3 26 2 1 60 26 181 0 1 1 22 1 1 0 0
3 27 2 1 117 39 123 0 1 6 13 1 0 0 0
10 46 40 5 138 327 185 86 2 10 77 28 3 6 0
3 26 2 1 64 28 181 0 0 1 22 1 1 0 0
1 6 0 0 29 0 12 0 0 3 0 0 0 0 0
1 6 0 0 29 0 12 0 0 3 0 0 0 0 0
1 1 0 0 2 0 0 0 0 0 0 0 0 0 0
2 2 1 0 15 2 1 0 0 0 0 0 0 0 0
6 18 12 3 111 45 16 9 13 3 11 10 4 1 0
4 18 4 2 48 22 28 1 7 5 14 2 2 1 0
7 30 16 5 102 138 73 14 6 8 26 17 2 4 0
5 11 6 4 46 17 12 2 4 4 19 5 0 2 1
4 29 6 0 43 77 156 4 5 11 0 0 0 0 0
5 47 8 2 117 156 432 5 7 7 14 4 2 1 0
5 39 6 4 119 129 387 2 4 7 19 5 0 2 1
1 5 0 0 69 0 10 0 0 0 0 0 0 0 0
6 69 15 0 191 343 821 20 1 15 0 0 0 0 0
3 41 2 1 126 46 635 0 0 5 36 1 0 0 0
5 19 10 0 32 76 60 10 0 1 0 0 0 0 0
2 34 1 0 86 34 414 0 0 2 0 0 0 0 0
1 5 0 0 11 0 10 0 0 0 0 0 0 0 0
1 5 0 0 11 0 10 0 0 0 0 0 0 0 0
11 38 45 10 69 189 185 100 16 4 145 42 7 21 2
7 34 19 2 147 180 92 25 3 12 12 10 3 0 0
3 40 1 2 56 6 324 0 5 9 42 0 11 1 0
3 33 0 3 55 0 293 0 0 11 54 0 6 0 1
4 37 5 1 50 77 325 2 0 14 22 2 6 0 0
3 18 3 0 63 24 56 1 6 17 0 0 0 0 0
27 33 333 18 195 795 46 2524 3 4 55 355 1 43 3
6 43 10 5 54 101 298 6 4 4 84 10 11 2 2
2 15 1 0 95 15 45 0 0 10 0 0 0 0 0
4 38 2 4 55 12 295 0 5 7 72 1 10 2 1
7 47 14 7 76 137 280 11 6 4 113 15 10 7 2
3 40 1 2 56 6 324 0 5 9 42 0 11 1 0
2 5 1 0 3 5 4 0 0 0 0 0 0 0 0
4 4 6 0 9 12 1 4 0 0 0 0 0 0 0
3 1 3 0 3 2 0 1 0 0 0 0 0 0 0
3 54 3 0 114 108 680 1 0 2 0 0 0 0 0
2 26 1 0 46 26 277 0 0 0 0 0 0 0 0
2 24 1 0 27 24 276 0 0 0 0 0 0 0 0
3 28 3 0 47 56 282 1 0 0 0 0 0 0 0
2 43 1 0 67 43 447 0 0 0 0 0 0 0 0
1 24 0 0 28 0 276 0 0 0 0 0 0 0 0
4 25 6 0 29 75 276 4 0 0 0 0 0 0 0
7 38 21 0 89 226 299 35 1 0 0 0 0 0 0
2 24 1 0 27 24 276 0 0 0 0 0 0 0 0
3 28 2 1 67 52 278 0 0 0 4 1 0 0 0
4 61 6 0 137 181 679 4 1 3 0 0 0 0 0
2 27 1 0 31 27 279 0 0 0 0 0 0 0 0
3 51 3 0 85 102 484 1 0 3 0 0 0 0 0
2 27 1 0 29 27 278 0 0 1 0 0 0 0 0
1 24 0 0 28 0 276 0 0 0 0 0 0 0 0
1 24 0 0 28 0 276 0 0 0 0 0 0 0 0
1 24 0 0 28 0 276 0 0 0 0 0 0 0 0
1 24 0 0 28 0 276 0 0 0 0 0 0 0 0
1 24 0 0 28 0 276 0 0 0 0 0 0 0 0
2 25 1 0 28 23 276 0 1 0 0 0 0 0 0
1 24 0 0 28 0 276 0 0 0 0 0 0 0 0
1 24 0 0 28 0 276 0 0 0 0 0 0 0 0
1 24 0 0 28 0 276 0 0 0 0 0 0 0 0
1 24 0 0 28 0 276 0 0 0 0 0 0 0 0
2 3 1 0 20 3 3 0 0 0 0 0 0 0 0
1 1 0 0 3 0 0 0 0 0 0 0 0 0 0
4 21 6 0 40 63 103 4 0 3 0 0 0 0 0
1 28 0 0 40 0 378 0 0 0 0 0 0 0 0
1 12 0 0 34 0 63 0 0 3 0 0 0 0 0
13 34 75 3 98 348 179 255 0 0 60 30 0 0 1
2 5 0 1 15 0 6 0 0 0 3 0 1 0 0
6 8 13 2 44 33 19 13 0 2 7 6 0 1 0
3 10 1 2 41 7 22 0 0 2 13 0 0 1 0
6 4 2 13 24 4 1 0 0 0 16 1 0 6 13
6 4 2 13 24 4 1 0 0 0 16 1 0 6 13
5 6 0 10 12 0 2 0 0 0 12 0 6 0 10
7 6 8 13 35 25 4 2 0 0 11 14 0 6 13
7 4 8 13 32 13 1 2 0 0 11 14 0 6 13
6 30 9 6 62 120 98 4 0 4 6 12 12 0 4
5 6 0 10 12 0 2 0 0 0 12 0 6 0 10
3 30 3 0 137 52 133 1 4 15 0 0 0 0 0
14 52 83 8 331 553 137 282 10 8 85 71 9 8 3
1 55 0 0 22 0 1485 0 0 0 0 0 0 0 0
56 22 1540 0 100 1208 20 27720 1 6 0 0 0 0 0
1 12 0 0 34 0 63 0 0 3 0 0 0 0 0
2 3 1 0 3 3 3 0 0 0 0 0 0 0 0
1 3 0 0 4 0 3 0 0 0 0 0 0 0 0
3 10 3 0 14 20 18 1 0 0 0 0 0 0 0
1 1 0 0 6 0 0 0 0 0 0 0 0 0 0
2 6 1 0 8 6 9 0 0 6 0 0 0 0 0
2 13 1 0 51 13 70 0 0 8 0 0 0 0 0
1 1 0 0 13 0 0 0 0 0 0 0 0 0 0
1 26 0 0 33 0 307 0 0 18 0 0 0 0 0
1 55 0 0 22 0 1485 0 0 0 0 0 0 0 0
2 3 1 0 18 3 1 0 0 0 0 0 0 0 0
3 19 3 0 43 38 141 1 0 12 0 0 0 0 0
2 1 1 0 2 1 0 0 0 0 0 0 0 0 0
1 55 0 0 22 0 1485 0 0 0 0 0 0 0 0
7 13 21 0 82 78 18 35 0 1 0 0 0 0 0
2 7 1 0 14 7 15 0 0 0 0 0 0 0 0
4 17 6 0 59 51 30 4 0 1 0 0 0 0 0
7 63 20 1 182 371 727 30 2 11 3 5 0 0 0
2 17 1 0 66 17 63 0 0 7 0 0 0 0 0
1 6 0 0 13 0 15 0 0 0 0 0 0 0 0
3 8 3 0 77 16 16 1 0 0 0 0 0 0 0
1 6 0 0 13 0 15 0 0 0 0 0 0 0 0
2 2 1 0 18 2 1 0 0 0 0 0 0 0 0
3 19 3 0 52 38 71 1 0 2 0 0 0 0 0
1 1 0 0 2 0 0 0 0 0 0 0 0 0 0
1 2 0 0 18 0 1 0 0 0 0 0 0 0 0
3 18 3 0 42 36 141 1 0 12 0 0 0 0 0
1 9 0 0 8 0 36 0 0 0 0 0 0 0 0
10 8 45 0 32 72 4 120 0 0 0 0 0 0 0
6 12 12 3 15 26 55 11 0 0 34 6 0 3 0
1 5 0 0 12 0 7 0 0 3 0 0 0 0 0
1 5 0 0 12 0 7 0 0 3 0 0 0 0 0
2 17 0 1 12 0 84 0 0 0 13 0 2 0 0
3 22 2 1 13 27 94 0 0 0 13 1 2 0 0
2 17 0 1 12 0 84 0 0 0 13 0 2 0 0
2 18 1 0 19 18 92 0 0 5 0 0 0 0 0
1 2 0 0 29 0 1 0 0 0 0 0 0 0 0
3 29 3 0 75 58 404 1 0 2 0 0 0 0 0
2 5 1 0 45 5 6 0 0 0 0 0 0 0 0
5 29 10 0 67 114 160 10 1 7 0 0 0 0 0
2 18 1 0 12 18 136 0 0 0 0 0 0 0 0
3 4 3 0 19 8 6 1 0 0 0 0 0 0 0
1 2 0 0 4 0 1 0 0 0 0 0 0 0 0
5 21 10 0 95 84 39 10 0 9 0 0 0 0 0
1 2 0 0 4 0 1 0 0 0 0 0 0 0 0
1 12 0 0 53 0 66 0 0 0 0 0 0 0 0
13 53 78 0 225 634 415 286 1 10 0 0 0 0 0
2 1 1 0 1 1 0 0 0 0 0 0 0 0 0
2 2 1 0 1 2 0 0 0 0 0 0 0 0 0
1 1 0 0 1 0 0 0 0 0 0 0 0 0 0
1 5 0 0 43 0 5 0 0 5 0 0 0 0 0
2 5 1 0 31 5 9 0 0 1 0 0 0 0 0
1 1 0 0 5 0 0 0 0 0 0 0 0 0 0
6 32 14 1 37 135 293 16 0 17 25 4 0 0 0
2 10 0 1 63 0 43 0 0 2 10 0 0 0 0
2 10 0 1 63 0 43 0 0 2 10 0 0 0 0
12 63 63 3 170 644 374 191 3 10 35 28 4 1 0
5 3 10 0 24 12 0 10 0 1 0 0 0 0 0
3 6 2 1 1 10 6 0 0 0 0 1 1 0 0
1 4 0 0 3 0 6 0 0 0 0 0 0 0 0
2 26 1 0 43 26 237 0 0 0 0 0 0 0 0
1 4 0 0 3 0 6 0 0 0 0 0 0 0 0
1 4 0 0 3 0 6 0 0 0 0 0 0 0 0
2 33 1 0 47 29 388 0 2 0 0 0 0 0 0
6 13 15 0 144 57 15 20 4 2 0 0 0 0 0
1 18 0 0 36 0 150 0 0 3 0 0 0 0 0
19 36 168 3 124 598 110 920 1 1 48 48 0 0 1
3 30 3 0 57 58 216 1 1 0 0 0 0 0 0
2 4 1 0 34 4 2 0 0 0 0 0 0 0 0
11 20 55 0 100 198 39 165 1 6 0 0 0 0 0
1 28 0 0 40 0 378 0 0 0 0 0 0 0 0
5 7 10 0 118 26 10 10 1 0 0 0 0 0 0
6 67 15 0 160 331 768 20 2 3 0 0 0 0 0
2 33 1 0 82 33 410 0 0 2 0 0 0 0 0
1 4 0 0 7 0 6 0 0 0 0 0 0 0 0
2 32 1 0 43 30 384 0 1 0 0 0 0 0 0
1 4 0 0 7 0 6 0 0 0 0 0 0 0 0
4 25 3 3 94 69 232 0 0 0 6 3 0 0 1
4 58 3 3 41 168 1486 0 0 0 6 3 0 0 1
3 4 0 3 77 0 1 0 0 0 8 0 0 0 1
23 42 253 0 257 914 83 1771 5 10 0 0 0 0 0
1 18 0 0 36 0 150 0 0 3 0 0 0 0 0
3 13 3 0 41 26 42 1 0 0 0 0 0 0 0
5 10 10 0 45 40 16 10 0 0 0 0 0 0 0
1 2 0 0 13 0 1 0 0 0 0 0 0 0 0
6 23 13 2 37 85 119 13 0 1 30 6 0 1 0
2 20 0 1 31 0 125 0 0 1 18 0 1 0 0
2 11 1 0 30 11 23 0 0 2 0 0 0 0 0
2 20 0 1 31 0 125 0 0 1 18 0 1 0 0
7 13 21 0 105 78 12 35 0 2 0 0 0 0 0
2 5 1 0 22 5 8 0 0 2 0 0 0 0 0
1 19 0 0 41 0 171 0 0 0 0 0 0 0 0
2 31 1 0 74 31 243 0 0 2 0 0 0 0 0
12 31 66 0 254 333 96 220 4 5 0 0 0 0 0
5 60 10 0 28 238 1488 10 1 0 0 0 0 0 0
4 13 6 0 71 37 19 4 1 0 0 0 0 0 0
2 6 1 0 62 6 7 0 0 0 0 0 0 0 0
2 5 1 0 60 3 6 0 1 0 0 0 0 0 0
1 4 0 0 60 0 6 0 0 0 0 0 0 0 0
1 1 0 0 55 0 0 0 0 0 0 0 0 0 0
2 55 1 0 21 55 1485 0 0 0 0 0 0 0 0
4 29 6 0 44 85 178 4 1 4 0 0 0 0 0
2 17 1 0 25 17 133 0 0 3 0 0 0 0 0
2 27 1 0 38 25 177 0 1 4 0 0 0 0 0
1 17 0 0 26 0 133 0 0 3 0 0 0 0 0
1 17 0 0 26 0 133 0 0 3 0 0 0 0 0
1 17 0 0 26 0 133 0 0 3 0 0 0 0 0
2 28 1 0 60 24 186 0 2 5 0 0 0 0 0
3 32 3 0 73 62 194 1 1 3 0 0 0 0 0
2 18 1 0 28 18 133 0 0 3 0 0 0 0 0
3 30 3 0 58 56 187 1 2 5 0 0 0 0 0
1 17 0 0 26 0 133 0 0 3 0 0 0 0 0
3 29 3 0 47 56 188 1 1 3 0 0 0 0 0
1 3 0 0 1 0 2 0 0 1 0 0 0 0 0
4 1 5 1 4 2 0 2 0 0 1 2 0 0 0
2 31 1 0 116 31 378 0 0 3 0 0 0 0 0
4 13 6 0 54 39 39 4 0 7 0 0 0 0 0
2 16 0 1 9 0 65 0 0 0 10 0 3 0 0
7 13 17 4 56 41 32 21 1 0 35 8 0 6 0
13 6 74 4 63 61 4 248 0 0 11 32 0 6 0
1 4 0 0 34 0 6 0 0 0 0 0 0 0 0
5 34 10 0 87 134 220 10 1 0 0 0 0 0 0
2 7 1 0 54 7 9 0 0 0 0 0 0 0 0
5 31 10 0 78 124 404 10 0 2 0 0 0 0 0
1 3 0 0 25 0 3 0 0 0 0 0 0 0 0
1 7 0 0 14 0 21 0 0 0 0 0 0 0 0
8 14 28 0 57 94 34 56 2 1 0 0 0 0 0
5 33 7 3 55 70 100 3 6 7 40 6 5 0 1
6 13 15 0 43 65 16 20 0 3 0 0 0 0 0
13 26 67 11 60 234 40 184 5 1 62 85 3 15 2
10 35 37 8 127 242 78 69 1 4 63 39 4 11 1
11 29 49 6 84 226 55 119 2 5 52 40 4 4 2
4 18 5 1 86 31 28 2 8 8 3 2 2 0 0
2 27 0 1 64 0 169 0 0 12 25 0 1 0 0
2 23 1 0 77 23 114 0 0 7 0 0 0 0 0
2 40 1 0 120 40 455 0 0 6 0 0 0 0 0
2 16 1 0 58 16 61 0 0 4 0 0 0 0 0
1 11 0 0 45 0 51 0 0 4 0 0 0 0 0
4 5 4 2 66 15 10 1 0 0 0 2 0 1 0
2 3 0 1 5 0 1 0 0 0 1 0 1 0 0
2 3 0 1 5 0 1 0 0 0 1 0 1 0 0
3 1 1 2 5 0 0 0 0 0 2 0 0 1 0
5 26 10 0 75 94 106 10 5 0 0 0 0 0 0
4 7 6 0 35 21 7 4 0 0 0 0 0 0 0
5 17 10 0 100 62 29 10 3 0 0 0 0 0 0
5 14 10 0 74 40 19 10 8 1 0 0 0 0 0
2 6 1 0 59 6 7 0 0 0 0 0 0 0 0
1 3 0 0 3 0 3 0 0 0 0 0 0 0 0
4 3 6 0 3 9 3 4 0 0 0 0 0 0 0
2 43 0 1 120 0 644 0 0 7 43 0 0 0 0
3 16 3 0 116 30 45 1 1 4 0 0 0 0 0
3 14 2 1 62 21 40 0 0 2 7 1 0 0 0
2 8 0 1 51 0 19 0 0 2 8 0 0 0 0
1 8 0 0 45 0 25 0 0 3 0 0 0 0 0
1 3 0 0 8 0 3 0 0 0 0 0 0 0 0
1 3 0 0 25 0 3 0 0 0 0 0 0 0 0
1 20 0 0 23 0 190 0 0 0 0 0 0 0 0
21 23 210 0 131 458 30 1330 1 3 0 0 0 0 0
3 3 2 1 11 6 3 0 0 0 0 1 0 0 0
2 1 0 1 3 0 0 0 0 0 1 0 0 0 0
2 1 0 1 3 0 0 0 0 0 1 0 0 0 0
6 70 15 0 209 346 759 20 2 12 0 0 0 0 0
7 23 20 1 166 130 40 30 0 0 8 5 0 0 0
7 27 20 1 147 159 94 30 0 0 3 5 0 0 0
6 12 15 0 91 60 16 20 0 0 0 0 0 0 0
6 32 11 4 160 111 91 8 4 8 37 9 2 2 1
2 3 1 0 10 3 3 0 0 0 0 0 0 0 0
1 1 0 0 3 0 0 0 0 0 0 0 0 0 0
4 11 6 0 61 33 8 4 0 4 0 0 0 0 0
2 2 0 1 8 0 0 0 0 1 2 0 0 0 0
2 2 0 1 8 0 0 0 0 1 2 0 0 0 0
4 8 4 2 1 16 12 0 0 0 4 4 2 0 0
1 37 0 0 118 0 660 0 0 6 0 0 0 0 0
1 1 0 0 3 0 0 0 0 0 0 0 0 0 0
1 4 0 0 3 0 6 0 0 0 0 0 0 0 0
5 3 10 0 10 12 0 10 0 0 0 0 0 0 0
4 21 6 0 59 63 144 4 0 12 0 0 0 0 0
1 3 0 0 21 0 3 0 0 0 0 0 0 0 0
1 3 0 0 21 0 3 0 0 0 0 0 0 0 0
4 21 6 0 32 63 139 4 0 0 0 0 0 0 0
1 4 0 0 3 0 6 0 0 0 0 0 0 0 0
5 3 10 0 11 12 3 10 0 0 0 0 0 0 0
2 30 1 0 76 30 404 0 0 2 0 0 0 0 0
5 69 10 0 197 274 1064 10 1 8 0 0 0 0 0
4 42 5 1 126 123 444 2 0 8 3 2 0 0 0
13 86 61 17 192 835 592 159 6 2 181 73 2 48 6
3 53 3 0 120 106 569 1 0 5 0 0 0 0 0
5 77 10 0 180 300 752 10 4 11 0 0 0 0 0
11 84 39 16 193 632 596 78 5 2 192 36 3 45 6
3 35 3 0 90 70 414 1 0 2 0 0 0 0 0
4 53 5 1 130 128 611 2 0 1 31 2 0 0 0
3 68 3 0 195 134 1065 1 1 8 0 0 0 0 0
5 49 9 1 199 166 442 7 0 5 30 3 0 0 0
4 35 5 1 105 102 408 2 0 2 1 2 1 0 0
6 53 15 0 148 263 462 20 1 3 0 0 0 0 0
6 59 15 0 217 293 779 20 1 5 0 0 0 0 0
2 49 1 0 118 47 592 0 1 4 0 0 0 0 0
1 29 0 0 77 0 404 0 0 2 0 0 0 0 0
1 29 0 0 77 0 404 0 0 2 0 0 0 0 0
1 29 0 0 77 0 404 0 0 2 0 0 0 0 0
1 29 0 0 77 0 404 0 0 2 0 0 0 0 0
1 29 0 0 77 0 404 0 0 2 0 0 0 0 0
1 29 0 0 77 0 404 0 0 2 0 0 0 0 0
2 29 1 0 76 29 404 0 0 2 0 0 0 0 0
1 2 0 0 18 0 1 0 0 0 0 0 0 0 0
1 9 0 0 6 0 33 0 0 3 0 0 0 0 0
10 6 42 3 24 43 3 99 0 0 11 18 0 3 0
1 55 0 0 22 0 1485 0 0 0 0 0 0 0 0
1 6 0 0 12 0 15 0 0 0 0 0 0 0 0
7 12 21 0 44 72 45 35 0 0 0 0 0 0 0
1 5 0 0 24 0 10 0 0 0 0 0 0 0 0
6 24 15 0 116 120 49 20 0 0 0 0 0 0 0
1 13 0 0 35 0 75 0 0 3 0 0 0 0 0
14 35 88 3 115 397 171 330 0 0 58 33 0 0 1
4 37 6 0 115 111 660 4 0 6 0 0 0 0 0
1 3 0 0 37 0 3 0 0 0 0 0 0 0 0
1 3 0 0 37 0 3 0 0 0 0 0 0 0 0
1 3 0 0 37 0 3 0 0 0 0 0 0 0 0
1 3 0 0 21 0 3 0 0 0 0 0 0 0 0
1 2 0 0 29 0 1 0 0 0 0 0 0 0 0
1 1 0 0 14 0 0 0 0 0 0 0 0 0 0
2 14 1 0 12 14 88 0 0 3 0 0 0 0 0
1 6 0 0 12 0 15 0 0 0 0 0 0 0 0
2 1 1 0 29 1 0 0 0 0 0 0 0 0 0
1 10 0 0 19 0 45 0 0 0 0 0 0 0 0
11 19 55 0 67 190 67 165 0 4 0 0 0 0 0
1 3 0 0 2 0 3 0 0 0 0 0 0 0 0
4 2 6 0 10 6 1 4 0 0 0 0 0 0 0
1 10 0 0 19 0 45 0 0 0 0 0 0 0 0
1 55 0 0 22 0 1485 0 0 0 0 0 0 0 0
1 2 0 0 3 0 1 0 0 0 0 0 0 0 0
3 3 3 0 3 6 2 1 0 1 0 0 0 0 0
2 35 1 0 39 35 343 0 0 18 0 0 0 0 0
1 12 0 0 34 0 63 0 0 3 0 0 0 0 0
2 15 1 0 87 15 76 0 0 3 0 0 0 0 0
13 65 75 3 227 722 374 255 0 8 34 30 12 0 1
1 12 0 0 65 0 63 0 0 3 0 0 0 0 0
1 12 0 0 65 0 63 0 0 3 0 0 0 0 0
1 12 0 0 65 0 63 0 0 3 0 0 0 0 0
1 12 0 0 65 0 63 0 0 3 0 0 0 0 0
1 12 0 0 65 0 63 0 0 3 0 0 0 0 0
5 13 10 0 66 52 63 10 0 3 0 0 0 0 0
3 12 3 0 63 24 63 1 0 3 0 0 0 0 0
3 27 3 0 89 54 124 1 0 3 0 0 0 0 0
2 32 1 0 119 30 381 0 1 3 0 0 0 0 0
5 18 10 0 93 70 72 10 1 0 0 0 0 0 0
5 44 8 2 159 127 214 5 2 15 39 4 3 1 0
5 24 7 3 75 42 109 4 0 6 48 3 3 3 0
12 55 59 7 320 502 144 161 2 5 73 50 13 7 2
5 34 10 0 148 130 203 10 3 6 0 0 0 0 0
1 28 0 0 40 0 378 0 0 0 0 0 0 0 0
3 20 3 0 63 40 171 1 0 0 0 0 0 0 0
1 2 0 0 20 0 1 0 0 0 0 0 0 0 0
2 2 1 0 47 2 0 0 0 0 0 0 0 0 0
2 38 1 0 118 38 660 0 0 6 0 0 0 0 0
2 11 1 0 43 11 45 0 0 0 0 0 0 0 0
1 2 0 0 23 0 1 0 0 0 0 0 0 0 0
3 23 3 0 67 46 115 1 0 8 0 0 0 0 0
7 12 21 0 38 72 45 35 0 0 0 0 0 0 0
1 6 0 0 12 0 15 0 0 0 0 0 0 0 0
2 6 1 0 11 6 15 0 0 0 0 0 0 0 0
1 6 0 0 12 0 15 0 0 0 0 0 0 0 0
1 6 0 0 12 0 15 0 0 0 0 0 0 0 0
1 6 0 0 12 0 15 0 0 0 0 0 0 0 0
2 7 1 0 12 7 15 0 0 0 0 0 0 0 0
11 43 55 0 93 426 98 165 2 0 0 0 0 0 0
4 45 6 0 84 135 456 4 0 3 0 0 0 0 0
4 14 6 0 109 42 18 4 0 0 0 0 0 0 0
2 7 1 0 66 7 9 0 0 0 0 0 0 0 0
1 10 0 0 19 0 45 0 0 0 0 0 0 0 0
1 10 0 0 19 0 45 0 0 0 0 0 0 0 0
1 10 0 0 19 0 45 0 0 0 0 0 0 0 0
1 10 0 0 19 0 45 0 0 0 0 0 0 0 0
1 10 0 0 19 0 45 0 0 0 0 0 0 0 0
1 10 0 0 19 0 45 0 0 0 0 0 0 0 0
1 3 0 0 2 0 3 0 0 0 0 0 0 0 0
4 2 6 0 1 6 1 4 0 0 0 0 0 0 0
2 24 1 0 23 24 195 0 0 1 0 0 0 0 0
5 2 9 1 21 7 0 7 0 0 1 3 0 0 0
1 13 0 0 35 0 75 0 0 3 0 0 0 0 0
1 13 0 0 35 0 75 0 0 3 0 0 0 0 0
1 13 0 0 35 0 75 0 0 3 0 0 0 0 0
1 13 0 0 35 0 75 0 0 3 0 0 0 0 0
1 13 0 0 35 0 75 0 0 3 0 0 0 0 0
6 71 12 3 91 281 539 10 0 18 74 9 0 0 1
2 32 1 0 74 32 246 0 0 3 0 0 0 0 0
2 25 1 0 86 25 141 0 0 3 0 0 0 0 0
1 13 0 0 35 0 75 0 0 3 0 0 0 0 0
1 55 0 0 22 0 1485 0 0 0 0 0 0 0 0
1 18 0 0 36 0 150 0 0 3 0 0 0 0 0
1 18 0 0 36 0 150 0 0 3 0 0 0 0 0
1 18 0 0 36 0 150 0 0 3 0 0 0 0 0
1 18 0 0 36 0 150 0 0 3 0 0 0 0 0
2 23 1 0 45 21 160 0 1 3 0 0 0 0 0
4 24 5 1 42 69 160 2 1 3 1 2 0 0 0
1 18 0 0 36 0 150 0 0 3 0 0 0 0 0
1 18 0 0 36 0 150 0 0 3 0 0 0 0 0
1 18 0 0 36 0 150 0 0 3 0 0 0 0 0
4 19 6 0 34 57 150 4 0 3 0 0 0 0 0
1 18 0 0 36 0 150 0 0 3 0 0 0 0 0
3 25 3 0 67 50 165 1 0 3 0 0 0 0 0
2 46 1 0 74 46 528 0 0 3 0 0 0 0 0
1 10 0 0 8 0 45 0 0 0 0 0 0 0 0
11 8 55 0 72 78 5 165 1 0 0 0 0 0 0
9 15 36 0 114 118 17 84 1 6 0 0 0 0 0
1 4 0 0 29 0 6 0 0 0 0 0 0 0 0
18 51 146 7 313 765 105 713 13 7 58 96 9 5 2
3 2 3 0 11 4 1 1 0 0 0 0 0 0 0
1 2 0 0 2 0 1 0 0 0 0 0 0 0 0
1 2 0 0 2 0 1 0 0 0 0 0 0 0 0
3 13 3 0 72 26 38 1 0 0 0 0 0 0 0
1 14 0 0 13 0 88 0 0 3 0 0 0 0 0
5 6 10 0 5 24 15 10 0 0 0 0 0 0 0
1 4 0 0 6 0 6 0 0 0 0 0 0 0 0
1 4 0 0 6 0 6 0 0 0 0 0 0 0 0
7 9 21 0 7 54 7 35 0 1 0 0 0 0 0
1 4 0 0 6 0 6 0 0 0 0 0 0 0 0
1 4 0 0 6 0 6 0 0 0 0 0 0 0 0
1 37 0 0 118 0 660 0 0 6 0 0 0 0 0
1 1 0 0 4 0 0 0 0 0 0 0 0 0 0
2 4 1 0 68 4 6 0 0 0 0 0 0 0 0
1 1 0 0 3 0 0 0 0 0 0 0 0 0 0
2 3 1 0 1 3 3 0 0 0 0 0 0 0 0
1 1 0 0 3 0 0 0 0 0 0 0 0 0 0
2 3 1 0 9 3 3 0 0 0 0 0 0 0 0
2 10 1 0 28 10 39 0 0 6 0 0 0 0 0
1 1 0 0 10 0 0 0 0 0 0 0 0 0 0
1 55 0 0 22 0 1485 0 0 0 0 0 0 0 0
1 55 0 0 22 0 1485 0 0 0 0 0 0 0 0
2 56 1 0 21 56 1485 0 0 0 0 0 0 0 0
1 55 0 0 22 0 1485 0 0 0 0 0 0 0 0
7 111 19 2 157 612 2159 25 3 4 46 10 1 0 0
1 55 0 0 22 0 1485 0 0 0 0 0 0 0 0
1 55 0 0 22 0 1485 0 0 0 0 0 0 0 0
1 55 0 0 22 0 1485 0 0 0 0 0 0 0 0
1 55 0 0 22 0 1485 0 0 0 0 0 0 0 0
1 55 0 0 22 0 1485 0 0 0 0 0 0 0 0
2 59 1 0 26 59 1491 0 0 0 0 0 0 0 0
1 55 0 0 22 0 1485 0 0 0 0 0 0 0 0
1 55 0 0 22 0 1485 0 0 0 0 0 0 0 0
1 55 0 0 22 0 1485 0 0 0 0 0 0 0 0
2 58 1 0 23 56 1488 0 1 0 0 0 0 0 0
1 55 0 0 22 0 1485 0 0 0 0 0 0 0 0
3 77 2 1 107 132 1587 0 0 9 18 1 2 0 0
1 55 0 0 22 0 1485 0 0 0 0 0 0 0 0
1 55 0 0 22 0 1485 0 0 0 0 0 0 0 0
1 55 0 0 22 0 1485 0 0 0 0 0 0 0 0
3 61 3 0 39 120 1491 1 1 0 0 0 0 0 0
1 55 0 0 22 0 1485 0 0 0 0 0 0 0 0
2 57 1 0 22 57 1486 0 0 0 0 0 0 0 0
1 55 0 0 22 0 1485 0 0 0 0 0 0 0 0
1 55 0 0 22 0 1485 0 0 0 0 0 0 0 0
1 55 0 0 22 0 1485 0 0 0 0 0 0 0 0
1 55 0 0 22 0 1485 0 0 0 0 0 0 0 0
1 55 0 0 22 0 1485 0 0 0 0 0 0 0 0
1 55 0 0 22 0 1485 0 0 0 0 0 0 0 0
1 55 0 0 22 0 1485 0 0 0 0 0 0 0 0
1 55 0 0 22 0 1485 0 0 0 0 0 0 0 0
1 55 0 0 22 0 1485 0 0 0 0 0 0 0 0
1 55 0 0 22 0 1485 0 0 0 0 0 0 0 0
1 55 0 0 22 0 1485 0 0 0 0 0 0 0 0
1 55 0 0 22 0 1485 0 0 0 0 0 0 0 0
1 55 0 0 22 0 1485 0 0 0 0 0 0 0 0
1 55 0 0 22 0 1485 0 0 0 0 0 0 0 0
1 55 0 0 22 0 1485 0 0 0 0 0 0 0 0
1 55 0 0 22 0 1485 0 0 0 0 0 0 0 0
1 55 0 0 22 0 1485 0 0 0 0 0 0 0 0
1 55 0 0 22 0 1485 0 0 0 0 0 0 0 0
1 55 0 0 22 0 1485 0 0 0 0 0 0 0 0
1 55 0 0 22 0 1485 0 0 0 0 0 0 0 0
1 55 0 0 22 0 1485 0 0 0 0 0 0 0 0
1 55 0 0 22 0 1485 0 0 0 0 0 0 0 0
1 55 0 0 22 0 1485 0 0 0 0 0 0 0 0
1 55 0 0 22 0 1485 0 0 0 0 0 0 0 0
1 3 0 0 7 0 3 0 0 0 0 0 0 0 0
3 4 3 0 11 8 3 1 0 0 0 0 0 0 0
2 14 1 0 26 14 58 0 0 0 0 0 0 0 0
2 3 1 0 19 3 3 0 0 0 0 0 0 0 0
1 1 0 0 3 0 0 0 0 0 0 0 0 0 0
4 20 6 0 38 60 171 4 0 0 0 0 0 0 0
2 2 1 0 3 2 0 0 0 0 0 0 0 0 0
2 1 1 0 1 1 0 0 0 0 0 0 0 0 0
2 4 1 0 6 4 3 0 0 0 0 0 0 0 0
1 3 0 0 37 0 2 0 0 1 0 0 0 0 0
2 37 0 1 122 0 625 0 0 5 37 0 0 0 0
2 14 1 0 32 14 50 0 0 1 0 0 0 0 0
11 16 54 1 169 152 20 156 1 0 2 9 2 0 0
2 20 1 0 63 20 89 0 0 2 0 0 0 0 0
14 35 89 2 61 430 120 341 0 0 25 22 0 1 0
2 22 0 1 55 0 111 0 0 0 20 0 1 0 0
1 11 0 0 40 0 53 0 0 2 0 0 0 0 0
1 11 0 0 40 0 53 0 0 2 0 0 0 0 0
1 11 0 0 40 0 53 0 0 2 0 0 0 0 0
9 27 35 1 79 194 113 77 0 0 20 7 1 0 0
1 11 0 0 40 0 53 0 0 2 0 0 0 0 0
3 8 3 0 6 16 14 1 0 2 0 0 0 0 0
3 15 3 0 96 18 28 1 6 3 0 0 0 0 0
5 29 10 0 98 102 150 10 7 9 0 0 0 0 0
6 31 15 0 116 141 154 20 7 10 0 0 0 0 0
4 12 6 0 22 36 18 4 0 1 0 0 0 0 0
6 9 15 0 18 45 13 20 0 0 0 0 0 0 0
2 4 1 0 14 2 3 0 1 0 0 0 0 0 0
1 3 0 0 9 0 3 0 0 0 0 0 0 0 0
4 9 6 0 5 27 36 4 0 0 0 0 0 0 0
2 7 1 0 17 7 9 0 0 0 0 0 0 0 0
4 8 6 0 10 24 11 4 0 0 0 0 0 0 0
5 11 10 0 42 44 16 10 0 0 0 0 0 0 0
2 2 1 0 5 2 1 0 0 0 0 0 0 0 0
3 6 3 0 14 12 3 1 0 1 0 0 0 0 0
1 1 0 0 2 0 0 0 0 0 0 0 0 0 0
2 7 1 0 14 7 9 0 0 0 0 0 0 0 0
1 4 0 0 10 0 6 0 0 0 0 0 0 0 0
7 35 21 0 167 210 109 35 0 0 0 0 0 0 0
2 6 1 0 33 6 7 0 0 0 0 0 0 0 0
1 12 0 0 6 0 62 0 0 4 0 0 0 0 0
8 18 23 5 101 77 14 29 13 1 17 25 3 1 1
5 20 10 0 55 72 51 10 4 4 0 0 0 0 0
6 76 14 1 235 344 737 16 5 21 24 4 1 0 0
2 8 1 0 38 8 14 0 0 2 0 0 0 0 0
1 12 0 0 6 0 62 0 0 4 0 0 0 0 0
2 15 1 0 66 15 43 0 0 8 0 0 0 0 0
7 33 21 0 152 194 99 35 2 8 0 0 0 0 0
1 10 0 0 16 0 44 0 0 1 0 0 0 0 0
2 4 1 0 8 4 6 0 0 0 0 0 0 0 0
5 9 10 0 37 36 6 10 0 1 0 0 0 0 0
1 1 0 0 4 0 0 0 0 0 0 0 0 0 0
2 2 1 0 2 0 0 0 1 0 0 0 0 0 0
2 3 1 0 20 1 1 0 1 0 0 0 0 0 0
2 3 1 0 20 1 1 0 1 0 0 0 0 0 0
1 9 0 0 6 0 33 0 0 3 0 0 0 0 0
2 6 1 0 23 6 6 0 0 0 0 0 0 0 0
4 13 6 0 27 39 21 4 0 0 0 0 0 0 0
4 12 6 0 71 36 45 4 0 0 0 0 0 0 0
1 2 0 0 7 0 1 0 0 0 0 0 0 0 0
3 7 3 0 12 14 7 1 0 2 0 0 0 0 0
1 5 0 0 17 0 7 0 0 3 0 0 0 0 0
1 20 0 0 23 0 190 0 0 0 0 0 0 0 0
2 4 1 0 68 4 6 0 0 0 0 0 0 0 0
2 16 1 0 101 16 69 0 0 3 0 0 0 0 0
4 47 3 3 170 86 422 1 2 2 51 0 0 3 0
6 87 12 3 175 378 842 11 6 2 45 6 0 3 0
11 29 54 1 277 272 36 156 6 1 2 9 2 0 0
2 7 1 0 5 7 9 0 0 0 0 0 0 0 0
4 4 6 0 22 12 0 4 0 0 0 0 0 0 0
1 5 0 0 5 0 10 0 0 0 0 0 0 0 0
6 5 15 0 17 25 4 20 0 0 0 0 0 0 0
1 2 0 0 1 0 1 0 0 0 0 0 0 0 0
1 5 0 0 67 0 10 0 0 0 0 0 0 0 0
10 25 45 0 107 221 78 120 2 1 0 0 0 0 0
2 2 1 0 3 2 0 0 0 1 0 0 0 0 0
1 1 0 0 2 0 0 0 0 0 0 0 0 0 0
3 4 2 1 1 5 3 0 0 0 3 1 0 0 0
1 6 0 0 9 0 15 0 0 0 0 0 0 0 0
1 4 0 0 2 0 3 0 0 3 0 0 0 0 0
1 8 0 0 15 0 28 0 0 0 0 0 0 0 0
3 7 3 0 70 14 9 1 0 0 0 0 0 0 0
4 40 6 0 119 120 661 4 0 6 0 0 0 0 0
1 2 0 0 7 0 1 0 0 0 0 0 0 0 0
4 2 6 0 2 6 0 4 0 0 0 0 0 0 0
2 4 0 1 27 0 6 0 0 0 4 0 0 0 0
6 27 14 1 114 125 113 16 5 0 0 4 0 0 0
2 4 0 1 27 0 6 0 0 0 4 0 0 0 0
1 8 0 0 52 0 22 0 0 6 0 0 0 0 0
9 52 30 6 201 299 227 50 3 5 85 28 13 4 2
1 3 0 0 9 0 3 0 0 0 0 0 0 0 0
1 3 0 0 9 0 3 0 0 0 0 0 0 0 0
2 2 1 0 1 2 1 0 0 0 0 0 0 0 0
3 2 3 0 55 4 0 1 0 0 0 0 0 0 0
1 1 0 0 2 0 0 0 0 0 0 0 0 0 0
1 2 0 0 1 0 1 0 0 0 0 0 0 0 0
3 26 3 0 66 52 233 1 0 0 0 0 0 0 0
3 3 3 0 29 6 1 1 0 0 0 0 0 0 0
3 27 3 0 105 54 201 1 0 0 0 0 0 0 0
4 20 6 0 162 60 28 4 0 13 0 0 0 0 0
5 17 10 0 90 68 24 10 0 1 0 0 0 0 0
2 16 1 0 31 16 64 0 0 1 0 0 0 0 0
6 12 14 1 141 52 13 16 1 1 6 4 0 0 0
12 21 66 0 151 229 20 220 1 0 0 0 0 0 0
1 4 0 0 4 0 6 0 0 0 0 0 0 0 0
5 4 10 0 15 16 6 10 0 0 0 0 0 0 0
2 25 0 1 71 0 155 0 0 9 19 0 3 0 0
2 25 1 0 32 25 143 0 0 3 0 0 0 0 0
4 32 6 0 42 94 276 4 1 0 0 0 0 0 0
1 3 0 0 32 0 3 0 0 0 0 0 0 0 0
1 3 0 0 32 0 3 0 0 0 0 0 0 0 0
1 13 0 0 35 0 76 0 0 2 0 0 0 0 0
6 6 14 1 7 24 5 16 0 2 2 4 2 0 0
4 6 2 4 7 8 7 0 0 0 10 1 0 2 1
6 11 11 4 16 51 27 8 0 0 4 9 0 2 1
1 5 0 0 6 0 9 0 0 1 0 0 0 0 0
1 5 0 0 6 0 9 0 0 1 0 0 0 0 0
1 5 0 0 6 0 9 0 0 1 0 0 0 0 0
1 5 0 0 6 0 9 0 0 1 0 0 0 0 0
5 12 10 0 47 48 14 10 0 1 0 0 0 0 0
1 4 0 0 18 0 6 0 0 0 0 0 0 0 0
4 13 6 0 37 39 47 4 0 1 0 0 0 0 0
1 3 0 0 13 0 3 0 0 0 0 0 0 0 0
1 3 0 0 13 0 3 0 0 0 0 0 0 0 0
2 18 1 0 8 18 136 0 0 0 0 0 0 0 0
1 2 0 0 5 0 1 0 0 0 0 0 0 0 0
3 5 3 0 13 10 5 1 0 1 0 0 0 0 0
1 1 0 0 24 0 0 0 0 0 0 0 0 0 0
1 37 0 0 118 0 660 0 0 6 0 0 0 0 0
2 8 1 0 44 8 13 0 0 0 0 0 0 0 0
1 5 0 0 13 0 10 0 0 0 0 0 0 0 0
1 5 0 0 13 0 10 0 0 0 0 0 0 0 0
1 12 0 0 34 0 63 0 0 3 0 0 0 0 0
4 33 6 0 116 99 381 4 0 3 0 0 0 0 0
1 3 0 0 33 0 3 0 0 0 0 0 0 0 0
2 12 1 0 25 12 55 0 0 11 0 0 0 0 0
8 25 25 3 45 140 71 39 4 9 19 16 4 1 0
1 12 0 0 26 0 55 0 0 11 0 0 0 0 0
5 25 6 4 54 50 71 2 3 7 40 5 2 2 1
4 37 4 2 85 83 236 1 0 8 20 2 4 1 0
4 18 3 3 49 19 59 0 0 7 27 2 4 2 0
2 13 0 1 52 0 47 0 0 9 11 0 1 0 0
1 12 0 0 26 0 55 0 0 11 0 0 0 0 0
2 13 0 1 33 0 46 0 0 10 11 0 1 0 0
1 3 0 0 8 0 3 0 0 0 0 0 0 0 0
6 5 15 0 20 25 3 20 0 1 0 0 0 0 0
1 19 0 0 41 0 171 0 0 0 0 0 0 0 0
3 6 3 0 38 12 10 1 0 0 0 0 0 0 0
6 12 15 0 44 58 22 20 1 0 0 0 0 0 0
2 30 1 0 109 30 376 0 0 3 0 0 0 0 0
1 2 0 0 6 0 1 0 0 0 0 0 0 0 0
3 22 3 0 21 42 190 1 1 0 0 0 0 0 0
2 18 1 0 34 18 94 0 0 3 0 0 0 0 0
5 23 10 0 72 92 71 10 0 1 0 0 0 0 0
3 6 3 0 11 12 4 1 0 0 0 0 0 0 0
2 4 1 0 13 4 1 0 0 1 0 0 0 0 0
4 5 6 0 9 15 2 4 0 0 0 0 0 0 0
2 4 1 0 10 4 6 0 0 0 0 0 0 0 0
3 12 3 0 15 24 19 1 0 0 0 0 0 0 0
2 4 1 0 10 4 6 0 0 0 0 0 0 0 0
3 17 2 1 27 21 44 0 0 0 9 1 2 0 0
9 35 35 1 177 274 93 77 3 1 0 7 0 0 0
4 12 6 0 53 34 17 4 1 0 0 0 0 0 0
4 20 6 0 80 60 60 4 0 1 0 0 0 0 0
2 3 1 0 19 3 3 0 0 0 0 0 0 0 0
5 34 10 0 94 136 382 10 0 0 0 0 0 0 0
2 2 1 0 11 2 1 0 0 0 0 0 0 0 0
1 1 0 0 2 0 0 0 0 0 0 0 0 0 0
3 12 3 0 66 24 25 1 0 0 0 0 0 0 0
1 8 0 0 35 0 27 0 0 1 0 0 0 0 0
1 3 0 0 4 0 3 0 0 0 0 0 0 0 0
4 4 6 0 35 12 2 4 0 0 0 0 0 0 0
3 19 2 1 72 19 118 0 0 5 17 1 1 0 0
1 2 0 0 19 0 0 0 0 1 0 0 0 0 0
5 40 8 2 146 112 196 5 5 14 34 4 2 1 0
2 9 1 0 6 9 13 0 0 3 0 0 0 0 0
6 5 12 3 4 17 1 11 0 1 8 6 0 3 0
6 4 12 3 1 12 1 11 0 1 8 6 0 3 0
1 5 0 0 4 0 7 0 0 3 0 0 0 0 0
2 8 0 1 5 0 12 0 0 0 4 0 2 0 0
2 8 0 1 5 0 12 0 0 0 4 0 2 0 0
1 5 0 0 4 0 7 0 0 3 0 0 0 0 0
8 77 27 1 181 534 997 50 1 32 1 6 1 0 0
4 13 4 2 116 31 26 1 0 0 8 2 0 1 0
3 9 1 2 111 8 16 0 0 0 10 0 0 1 0
1 7 0 0 77 0 20 0 0 1 0 0 0 0 0
1 7 0 0 77 0 20 0 0 1 0 0 0 0 0
2 1 1 0 55 1 0 0 0 0 0 0 0 0 0
3 4 0 3 15 0 3 0 0 0 6 0 1 0 1
3 4 0 3 15 0 3 0 0 0 6 0 1 0 1
1 1 0 0 2 0 0 0 0 0 0 0 0 0 0
2 2 1 0 9 2 1 0 0 0 0 0 0 0 0
1 37 0 0 118 0 660 0 0 6 0 0 0 0 0
3 8 2 1 28 8 12 0 0 0 4 1 2 0 0
1 5 0 0 17 0 7 0 0 3 0 0 0 0 0
1 1 0 0 1 0 0 0 0 0 0 0 0 0 0
2 1 1 0 20 1 0 0 0 0 0 0 0 0 0
1 26 0 0 33 0 307 0 0 18 0 0 0 0 0
1 1 0 0 12 0 0 0 0 0 0 0 0 0 0
4 5 5 1 63 12 2 2 0 0 3 2 0 0 0
3 16 3 0 118 32 50 1 0 18 0 0 0 0 0
5 20 9 1 162 60 78 7 0 13 2 3 9 0 0
5 26 9 1 145 81 94 7 1 16 15 3 3 0 0
4 31 3 3 185 35 121 0 0 8 34 3 12 0 1
2 20 0 1 168 0 78 0 0 13 2 0 9 0 0
2 6 1 0 110 6 13 0 0 2 0 0 0 0 0
8 20 28 0 236 138 28 56 1 3 0 0 0 0 0
1 1 0 0 10 0 0 0 0 0 0 0 0 0 0
2 10 1 0 28 10 44 0 0 1 0 0 0 0 0
4 6 6 0 41 18 5 4 0 5 0 0 0 0 0
1 3 0 0 6 0 3 0 0 0 0 0 0 0 0
1 3 0 0 6 0 3 0 0 0 0 0 0 0 0
2 6 1 0 26 6 14 0 0 1 0 0 0 0 0
1 1 0 0 6 0 0 0 0 0 0 0 0 0 0
1 13 0 0 35 0 76 0 0 2 0 0 0 0 0
1 13 0 0 35 0 76 0 0 2 0 0 0 0 0
1 13 0 0 35 0 76 0 0 2 0 0 0 0 0
1 13 0 0 35 0 76 0 0 2 0 0 0 0 0
5 18 10 0 46 72 86 10 0 2 0 0 0 0 0
3 23 3 0 69 46 112 1 0 2 0 0 0 0 0
1 13 0 0 35 0 76 0 0 2 0 0 0 0 0
3 14 3 0 37 28 76 1 0 2 0 0 0 0 0
1 13 0 0 35 0 76 0 0 2 0 0 0 0 0
2 6 1 0 24 6 7 0 0 0 0 0 0 0 0
1 4 0 0 12 0 6 0 0 0 0 0 0 0 0
3 1 1 2 4 1 0 0 0 0 1 0 0 1 0
3 1 1 2 4 1 0 0 0 0 1 0 0 1 0
2 42 1 0 173 40 670 0 1 6 0 0 0 0 0
9 41 29 7 78 160 217 51 15 12 122 18 8 14 1
1 2 0 0 19 0 1 0 0 0 0 0 0 0 0
1 1 0 0 7 0 0 0 0 0 0 0 0 0 0
2 7 1 0 20 7 21 0 0 0 0 0 0 0 0
3 14 3 0 83 26 52 1 1 4 0 0 0 0 0
2 20 1 0 67 20 85 0 0 6 0 0 0 0 0
1 11 0 0 63 0 52 0 0 3 0 0 0 0 0
1 11 0 0 63 0 52 0 0 3 0 0 0 0 0
2 14 1 0 37 14 46 0 0 0 0 0 0 0 0
2 3 0 1 4 0 1 0 0 0 3 0 0 0 0
3 6 2 1 21 10 7 0 0 0 2 1 0 0 0
1 3 0 0 3 0 3 0 0 0 0 0 0 0 0
1 3 0 0 3 0 3 0 0 0 0 0 0 0 0
4 6 6 0 8 18 4 4 0 0 0 0 0 0 0
1 10 0 0 8 0 45 0 0 0 0 0 0 0 0
1 10 0 0 8 0 45 0 0 0 0 0 0 0 0
1 10 0 0 8 0 45 0 0 0 0 0 0 0 0
1 10 0 0 8 0 45 0 0 0 0 0 0 0 0
3 19 3 0 79 36 62 1 1 1 0 0 0 0 0
1 10 0 0 8 0 45 0 0 0 0 0 0 0 0
3 33 3 0 48 64 276 1 1 0 0 0 0 0 0
1 10 0 0 8 0 45 0 0 0 0 0 0 0 0
2 30 1 0 29 30 235 0 0 0 0 0 0 0 0
1 1 0 0 1 0 0 0 0 0 0 0 0 0 0
1 2 0 0 3 0 1 0 0 0 0 0 0 0 0
2 20 1 0 24 20 103 0 0 3 0 0 0 0 0
1 4 0 0 31 0 6 0 0 0 0 0 0 0 0
1 4 0 0 31 0 6 0 0 0 0 0 0 0 0
2 6 1 0 39 6 7 0 0 0 0 0 0 0 0
3 17 2 1 23 21 44 0 0 0 9 1 2 0 0
7 13 18 3 93 58 20 23 0 1 20 9 0 3 0
5 17 10 0 96 68 52 10 0 4 0 0 0 0 0
3 7 2 1 7 13 15 0 0 0 1 1 0 0 0
2 2 0 1 6 0 0 0 0 0 2 0 0 0 0
3 1 2 1 6 1 0 0 0 0 1 1 0 0 0
3 12 2 1 71 14 23 0 0 7 8 1 1 0 0
3 16 2 1 54 18 37 0 0 7 12 1 1 0 0
1 3 0 0 6 0 3 0 0 0 0 0 0 0 0
4 6 6 0 10 18 15 4 0 0 0 0 0 0 0
3 8 3 0 19 16 13 1 0 0 0 0 0 0 0
6 10 15 0 21 50 22 20 0 0 0 0 0 0 0
1 2 0 0 8 0 1 0 0 0 0 0 0 0 0
2 13 0 1 10 0 38 0 0 0 9 0 2 0 0
2 19 1 0 63 19 82 0 0 11 0 0 0 0 0
5 77 9 1 196 245 1015 7 0 9 61 3 1 0 0
1 6 0 0 13 0 12 0 0 3 0 0 0 0 0
1 4 0 0 11 0 2 0 0 4 0 0 0 0 0
4 10 3 3 50 12 10 0 0 2 16 3 1 0 1
2 2 1 0 2 2 0 0 0 1 0 0 0 0 0
1 1 0 0 2 0 0 0 0 0 0 0 0 0 0
3 3 2 1 23 4 1 0 0 0 2 1 0 0 0
1 6 0 0 31 0 15 0 0 0 0 0 0 0 0
7 31 21 0 78 186 206 35 0 1 0 0 0 0 0
1 4 0 0 3 0 6 0 0 0 0 0 0 0 0
1 2 0 0 3 0 1 0 0 0 0 0 0 0 0
3 3 3 0 15 6 1 1 0 0 0 0 0 0 0
1 2 0 0 30 0 1 0 0 0 0 0 0 0 0
3 30 3 0 48 60 378 1 0 1 0 0 0 0 0
1 10 0 0 29 0 39 0 0 6 0 0 0 0 0
1 10 0 0 29 0 39 0 0 6 0 0 0 0 0
1 10 0 0 29 0 39 0 0 6 0 0 0 0 0
6 61 15 0 175 305 486 20 0 3 0 0 0 0 0
3 33 1 2 99 7 276 0 1 16 51 0 3 1 0
6 9 15 0 20 45 4 20 0 1 0 0 0 0 0
4 16 5 1 32 37 35 2 0 0 11 2 0 0 0
3 6 3 0 9 12 10 1 0 0 0 0 0 0 0
3 10 3 0 25 20 13 1 0 1 0 0 0 0 0
2 6 1 0 15 6 10 0 0 0 0 0 0 0 0
2 7 1 0 17 7 11 0 0 0 0 0 0 0 0
1 5 0 0 9 0 10 0 0 0 0 0 0 0 0
2 2 1 0 1 2 1 0 0 0 0 0 0 0 0
3 2 3 0 2 4 0 1 0 0 0 0 0 0 0
1 1 0 0 2 0 0 0 0 0 0 0 0 0 0
1 1 0 0 1 0 0 0 0 0 0 0 0 0 0
1 1 0 0 2 0 0 0 0 0 0 0 0 0 0
2 2 1 0 13 2 1 0 0 0 0 0 0 0 0
1 3 0 0 16 0 2 0 0 1 0 0 0 0 0
8 18 27 1 96 117 23 50 1 0 7 6 0 0 0
1 12 0 0 6 0 62 0 0 4 0 0 0 0 0
4 15 6 0 22 45 30 4 0 1 0 0 0 0 0
1 3 0 0 15 0 3 0 0 0 0 0 0 0 0
2 4 1 0 18 4 3 0 0 0 0 0 0 0 0
2 1 1 0 3 1 0 0 0 0 0 0 0 0 0
1 4 0 0 17 0 6 0 0 0 0 0 0 0 0
1 4 0 0 17 0 6 0 0 0 0 0 0 0 0
9 14 36 0 145 112 15 84 0 0 0 0 0 0 0
2 16 1 0 39 16 56 0 0 0 0 0 0 0 0
2 11 1 0 33 11 31 0 0 0 0 0 0 0 0
3 35 3 0 65 70 269 1 0 0 0 0 0 0 0
3 17 3 0 22 34 40 1 0 6 0 0 0 0 0
1 8 0 0 14 0 28 0 0 0 0 0 0 0 0
1 8 0 0 14 0 28 0 0 0 0 0 0 0 0
1 8 0 0 14 0 28 0 0 0 0 0 0 0 0
6 13 15 0 91 63 10 20 1 3 0 0 0 0 0
5 34 10 0 154 136 199 10 0 3 0 0 0 0 0
3 33 3 0 72 66 235 1 0 3 0 0 0 0 0
1 6 0 0 9 0 15 0 0 0 0 0 0 0 0
1 3 0 0 6 0 3 0 0 0 0 0 0 0 0
3 13 3 0 45 26 27 1 0 0 0 0 0 0 0
1 3 0 0 29 0 3 0 0 0 0 0 0 0 0
1 20 0 0 23 0 190 0 0 0 0 0 0 0 0
2 8 1 0 14 8 16 0 0 0 0 0 0 0 0
1 8 0 0 15 0 28 0 0 0 0 0 0 0 0
1 8 0 0 15 0 28 0 0 0 0 0 0 0 0
3 12 3 0 16 24 31 1 0 0 0 0 0 0 0
1 8 0 0 15 0 28 0 0 0 0 0 0 0 0
1 8 0 0 15 0 28 0 0 0 0 0 0 0 0
2 1 1 0 37 1 0 0 0 0 0 0 0 0 0
1 1 0 0 1 0 0 0 0 0 0 0 0 0 0
2 38 1 0 117 38 660 0 0 6 0 0 0 0 0
1 2 0 0 3 0 1 0 0 0 0 0 0 0 0
2 7 1 0 32 7 11 0 0 0 0 0 0 0 0
4 10 6 0 71 30 13 4 0 0 0 0 0 0 0
2 7 1 0 13 7 15 0 0 0 0 0 0 0 0
2 2 1 0 8 2 0 0 0 0 0 0 0 0 0
2 32 0 1 52 0 308 0 0 13 22 0 5 0 0
9 25 30 6 120 191 52 50 0 7 9 30 0 0 4
5 23 10 0 46 92 191 10 0 0 0 0 0 0 0
1 14 0 0 13 0 88 0 0 3 0 0 0 0 0
3 34 3 0 54 68 276 1 0 5 0 0 0 0 0
1 14 0 0 13 0 88 0 0 3 0 0 0 0 0
1 4 0 0 20 0 5 0 0 1 0 0 0 0 0
3 8 2 1 28 10 14 0 0 2 6 1 0 0 0
3 7 3 0 23 14 18 1 0 3 0 0 0 0 0
1 7 0 0 25 0 18 0 0 3 0 0 0 0 0
2 7 0 1 26 0 13 0 0 2 7 0 0 0 0
1 8 0 0 58 0 26 0 0 2 0 0 0 0 0
1 2 0 0 6 0 1 0 0 0 0 0 0 0 0
1 5 0 0 13 0 10 0 0 0 0 0 0 0 0
2 33 1 0 47 29 388 0 2 0 0 0 0 0 0
1 2 0 0 2 0 1 0 0 0 0 0 0 0 0
1 12 0 0 53 0 66 0 0 0 0 0 0 0 0
3 43 3 0 122 86 300 1 0 3 0 0 0 0 0
1 12 0 0 53 0 66 0 0 0 0 0 0 0 0
2 40 1 0 91 40 444 0 0 0 0 0 0 0 0
1 12 0 0 53 0 66 0 0 0 0 0 0 0 0
1 12 0 0 53 0 66 0 0 0 0 0 0 0 0
1 5 0 0 12 0 10 0 0 0 0 0 0 0 0
2 6 1 0 10 6 7 0 0 0 0 0 0 0 0
3 13 3 0 29 26 32 1 0 0 0 0 0 0 0
3 30 2 1 38 58 378 0 0 0 0 1 1 0 0
3 1 1 2 28 1 0 0 0 0 1 0 0 1 0
3 1 1 2 28 1 0 0 0 0 1 0 0 1 0
1 6 0 0 9 0 15 0 0 0 0 0 0 0 0
3 7 3 0 13 14 15 1 0 0 0 0 0 0 0
3 4 3 0 7 8 3 1 0 0 0 0 0 0 0
1 1 0 0 17 0 0 0 0 0 0 0 0 0 0
1 1 0 0 24 0 0 0 0 0 0 0 0 0 0
1 4 0 0 3 0 6 0 0 0 0 0 0 0 0
1 4 0 0 17 0 6 0 0 0 0 0 0 0 0
4 31 6 0 114 81 134 4 6 5 0 0 0 0 0
2 46 1 0 82 46 519 0 0 12 0 0 0 0 0
1 18 0 0 44 0 141 0 0 12 0 0 0 0 0
3 26 1 2 72 10 142 0 0 7 34 0 4 1 0
3 23 2 1 70 23 141 0 0 10 21 1 1 0 0
4 20 4 2 57 24 116 1 0 7 30 2 3 1 0
8 49 26 2 162 286 215 45 10 20 35 10 1 1 0
6 31 13 2 98 112 137 13 1 7 35 6 3 1 0
1 18 0 0 44 0 141 0 0 12 0 0 0 0 0
1 5 0 0 27 0 10 0 0 0 0 0 0 0 0
6 27 15 0 66 133 98 20 1 1 0 0 0 0 0
3 4 1 2 33 1 3 0 0 0 7 0 0 1 0
3 8 2 1 50 7 9 0 2 0 3 1 1 0 0
6 31 13 2 103 148 375 13 3 3 1 6 0 1 0
2 5 0 1 32 0 6 0 0 0 3 0 1 0 0
2 8 1 0 51 4 11 0 2 2 0 0 0 0 0
4 26 6 0 48 72 231 4 3 1 0 0 0 0 0
1 20 0 0 23 0 190 0 0 0 0 0 0 0 0
4 16 6 0 82 46 32 4 1 3 0 0 0 0 0
4 9 5 1 73 19 13 2 1 0 6 2 0 0 0
1 3 0 0 5 0 3 0 0 0 0 0 0 0 0
1 6 0 0 7 0 14 0 0 1 0 0 0 0 0
7 7 20 1 12 38 4 30 0 0 4 5 0 0 0
5 6 10 0 70 24 10 10 0 0 0 0 0 0 0
1 9 0 0 25 0 36 0 0 0 0 0 0 0 0
3 1 3 0 5 2 0 1 0 0 0 0 0 0 0
1 2 0 0 1 0 1 0 0 0 0 0 0 0 0
1 2 0 0 1 0 1 0 0 0 0 0 0 0 0
2 7 1 0 8 7 11 0 0 0 0 0 0 0 0
1 28 0 0 40 0 378 0 0 0 0 0 0 0 0
1 1 0 0 6 0 0 0 0 0 0 0 0 0 0
3 28 3 0 65 56 203 1 0 3 0 0 0 0 0
1 6 0 0 23 0 14 0 0 1 0 0 0 0 0
2 21 1 0 22 21 190 0 0 0 0 0 0 0 0
1 2 0 0 23 0 0 0 0 1 0 0 0 0 0
7 9 15 6 35 39 11 13 0 0 15 18 0 0 4
4 8 0 6 26 0 13 0 0 0 24 0 0 0 4
4 8 0 6 26 0 13 0 0 0 24 0 0 0 4
4 8 0 6 26 0 13 0 0 0 24 0 0 0 4
2 8 1 0 36 8 10 0 0 6 0 0 0 0 0
1 3 0 0 6 0 3 0 0 0 0 0 0 0 0
4 6 6 0 51 18 5 4 0 1 0 0 0 0 0
3 11 3 0 20 20 21 1 1 4 0 0 0 0 0
1 2 0 0 11 0 1 0 0 0 0 0 0 0 0
1 5 0 0 5 0 10 0 0 0 0 0 0 0 0
1 5 0 0 5 0 10 0 0 0 0 0 0 0 0
1 5 0 0 5 0 10 0 0 0 0 0 0 0 0
2 7 0 1 35 0 21 0 0 0 7 0 0 0 0
2 7 0 1 35 0 21 0 0 0 7 0 0 0 0
2 3 1 0 8 3 1 0 0 0 0 0 0 0 0
1 2 0 0 3 0 1 0 0 0 0 0 0 0 0
3 3 3 0 29 6 0 1 0 3 0 0 0 0 0
2 29 0 1 36 0 289 0 0 17 29 0 0 0 0
2 1 1 0 3 1 0 0 0 0 0 0 0 0 0
2 4 1 0 3 4 3 0 0 0 0 0 0 0 0
1 1 0 0 1 0 0 0 0 0 0 0 0 0 0
1 14 0 0 61 0 91 0 0 0 0 0 0 0 0
1 9 0 0 6 0 33 0 0 3 0 0 0 0 0
1 9 0 0 6 0 33 0 0 3 0 0 0 0 0
1 9 0 0 6 0 33 0 0 3 0 0 0 0 0
1 17 0 0 51 0 129 0 0 7 0 0 0 0 0
1 10 0 0 16 0 44 0 0 1 0 0 0 0 0
1 1 0 0 5 0 0 0 0 0 0 0 0 0 0
2 5 1 0 1 5 10 0 0 0 0 0 0 0 0
1 7 0 0 21 0 21 0 0 0 0 0 0 0 0
8 21 28 0 67 147 43 56 0 6 0 0 0 0 0
1 5 0 0 11 0 6 0 0 4 0 0 0 0 0
1 3 0 0 10 0 3 0 0 0 0 0 0 0 0
4 10 6 0 25 30 23 4 0 6 0 0 0 0 0
1 1 0 0 4 0 0 0 0 0 0 0 0 0 0
2 4 1 0 8 4 6 0 0 0 0 0 0 0 0
5 16 10 0 62 60 38 10 2 1 0 0 0 0 0
6 3 15 0 7 15 3 20 0 0 0 0 0 0 0
1 5 0 0 3 0 10 0 0 0 0 0 0 0 0
1 5 0 0 3 0 10 0 0 0 0 0 0 0 0
1 5 0 0 3 0 10 0 0 0 0 0 0 0 0
1 5 0 0 3 0 10 0 0 0 0 0 0 0 0
1 5 0 0 3 0 10 0 0 0 0 0 0 0 0
1 26 0 0 33 0 307 0 0 18 0 0 0 0 0
1 2 0 0 7 0 1 0 0 0 0 0 0 0 0
1 3 0 0 29 0 3 0 0 0 0 0 0 0 0
1 5 0 0 48 0 9 0 0 1 0 0 0 0 0
6 48 14 1 175 197 652 16 0 5 41 4 1 0 0
5 7 10 0 31 28 10 10 0 0 0 0 0 0 0
1 9 0 0 8 0 36 0 0 0 0 0 0 0 0
1 14 0 0 61 0 91 0 0 0 0 0 0 0 0
1 14 0 0 61 0 91 0 0 0 0 0 0 0 0
2 18 1 0 93 18 97 0 0 0 0 0 0 0 0
1 14 0 0 61 0 91 0 0 0 0 0 0 0 0
3 22 3 0 75 34 103 1 5 0 0 0 0 0 0
1 14 0 0 61 0 91 0 0 0 0 0 0 0 0
4 20 6 0 93 60 106 4 0 0 0 0 0 0 0
1 14 0 0 61 0 91 0 0 0 0 0 0 0 0
1 10 0 0 16 0 44 0 0 1 0 0 0 0 0
2 48 1 0 124 46 565 0 1 3 0 0 0 0 0
1 7 0 0 14 0 21 0 0 0 0 0 0 0 0
1 7 0 0 14 0 21 0 0 0 0 0 0 0 0
3 16 3 0 35 32 43 1 0 0 0 0 0 0 0
1 7 0 0 14 0 21 0 0 0 0 0 0 0 0
1 7 0 0 14 0 21 0 0 0 0 0 0 0 0
2 15 1 0 27 15 38 0 0 13 0 0 0 0 0
1 3 0 0 20 0 3 0 0 0 0 0 0 0 0
1 3 0 0 10 0 3 0 0 0 0 0 0 0 0
2 9 1 0 12 9 13 0 0 3 0 0 0 0 0
1 4 0 0 6 0 5 0 0 1 0 0 0 0 0
1 6 0 0 33 0 15 0 0 0 0 0 0 0 0
1 4 0 0 23 0 6 0 0 0 0 0 0 0 0
1 4 0 0 23 0 6 0 0 0 0 0 0 0 0
2 8 1 0 22 8 16 0 0 5 0 0 0 0 0
1 9 0 0 25 0 36 0 0 0 0 0 0 0 0
1 3 0 0 1 0 2 0 0 1 0 0 0 0 0
2 5 1 0 31 5 9 0 0 1 0 0 0 0 0
1 1 0 0 5 0 0 0 0 0 0 0 0 0 0
1 1 0 0 1 0 0 0 0 0 0 0 0 0 0
5 16 9 1 69 59 27 7 0 0 5 3 0 0 0
1 2 0 0 3 0 1 0 0 0 0 0 0 0 0
3 3 3 0 10 6 1 1 0 0 0 0 0 0 0
1 9 0 0 8 0 36 0 0 0 0 0 0 0 0
2 9 1 0 7 9 36 0 0 0 0 0 0 0 0
1 9 0 0 8 0 36 0 0 0 0 0 0 0 0
3 10 3 0 6 20 36 1 0 0 0 0 0 0 0
1 9 0 0 8 0 36 0 0 0 0 0 0 0 0
1 9 0 0 25 0 36 0 0 0 0 0 0 0 0
1 8 0 0 58 0 26 0 0 2 0 0 0 0 0
3 14 3 0 81 26 35 1 1 3 0 0 0 0 0
3 8 3 0 8 16 9 1 0 0 0 0 0 0 0
1 3 0 0 4 0 3 0 0 0 0 0 0 0 0
1 4 0 0 20 0 5 0 0 1 0 0 0 0 0
1 6 0 0 10 0 15 0 0 0 0 0 0 0 0
2 3 0 1 24 0 1 0 0 0 3 0 0 0 0
1 6 0 0 7 0 14 0 0 1 0 0 0 0 0
18 9 153 0 23 153 3 816 0 0 0 0 0 0 0
1 1 0 0 4 0 0 0 0 0 0 0 0 0 0
2 4 1 0 30 4 6 0 0 0 0 0 0 0 0
1 28 0 0 40 0 378 0 0 0 0 0 0 0 0
1 3 0 0 20 0 3 0 0 0 0 0 0 0 0
1 5 0 0 48 0 9 0 0 1 0 0 0 0 0
1 10 0 0 20 0 45 0 0 0 0 0 0 0 0
1 1 0 0 6 0 0 0 0 0 0 0 0 0 0
2 6 1 0 6 6 14 0 0 1 0 0 0 0 0
1 37 0 0 118 0 660 0 0 6 0 0 0 0 0
1 3 0 0 40 0 3 0 0 0 0 0 0 0 0
2 3 1 0 39 3 3 0 0 0 0 0 0 0 0
1 20 0 0 23 0 190 0 0 0 0 0 0 0 0
1 4 0 0 19 0 6 0 0 0 0 0 0 0 0
1 5 0 0 12 0 10 0 0 0 0 0 0 0 0
1 4 0 0 26 0 5 0 0 1 0 0 0 0 0
1 10 0 0 43 0 45 0 0 0 0 0 0 0 0
1 2 0 0 4 0 1 0 0 0 0 0 0 0 0
3 4 3 0 1 8 3 1 0 0 0 0 0 0 0
4 28 6 0 79 82 197 4 1 2 0 0 0 0 0
2 5 1 0 27 5 4 0 0 0 0 0 0 0 0
5 32 10 0 159 124 101 10 2 9 0 0 0 0 0
3 4 3 0 6 8 1 1 0 0 0 0 0 0 0
2 3 1 0 23 3 1 0 0 0 0 0 0 0 0
2 2 1 0 3 2 1 0 0 0 0 0 0 0 0
3 7 3 0 19 12 7 1 1 0 0 0 0 0 0
1 26 0 0 33 0 307 0 0 18 0 0 0 0 0
2 32 1 0 44 32 322 0 0 18 0 0 0 0 0
1 28 0 0 105 0 375 0 0 3 0 0 0 0 0
4 5 6 0 120 13 2 4 1 0 0 0 0 0 0
1 5 0 0 10 0 10 0 0 0 0 0 0 0 0
1 5 0 0 10 0 10 0 0 0 0 0 0 0 0
2 7 1 0 9 7 11 0 0 0 0 0 0 0 0
1 5 0 0 10 0 10 0 0 0 0 0 0 0 0
1 10 0 0 16 0 44 0 0 1 0 0 0 0 0
1 8 0 0 27 0 27 0 0 1 0 0 0 0 0
1 1 0 0 4 0 0 0 0 0 0 0 0 0 0
2 4 1 0 13 4 0 0 0 3 0 0 0 0 0
2 19 1 0 21 19 137 0 0 0 0 0 0 0 0
1 4 0 0 14 0 6 0 0 0 0 0 0 0 0
1 8 0 0 27 0 27 0 0 1 0 0 0 0 0
1 8 0 0 52 0 22 0 0 6 0 0 0 0 0
1 8 0 0 52 0 22 0 0 6 0 0 0 0 0
1 37 0 0 118 0 660 0 0 6 0 0 0 0 0
2 38 1 0 118 38 660 0 0 6 0 0 0 0 0
2 2 1 0 38 2 0 0 0 0 0 0 0 0 0
2 4 1 0 3 4 2 0 0 0 0 0 0 0 0
1 2 0 0 2 0 1 0 0 0 0 0 0 0 0
2 9 1 0 59 9 15 0 0 1 0 0 0 0 0
6 62 15 0 210 310 726 20 0 12 0 0 0 0 0
1 2 0 0 4 0 1 0 0 0 0 0 0 0 0
1 37 0 0 118 0 660 0 0 6 0 0 0 0 0
1 4 0 0 13 0 6 0 0 0 0 0 0 0 0
1 4 0 0 13 0 6 0 0 0 0 0 0 0 0
1 4 0 0 13 0 6 0 0 0 0 0 0 0 0
3 6 3 0 30 12 4 1 0 0 0 0 0 0 0
1 37 0 0 118 0 660 0 0 6 0 0 0 0 0
1 5 0 0 8 0 8 0 0 2 0 0 0 0 0
1 5 0 0 8 0 8 0 0 2 0 0 0 0 0
2 2 0 1 2 0 0 0 0 0 0 0 1 0 0
1 10 0 0 20 0 45 0 0 0 0 0 0 0 0
1 1 0 0 4 0 0 0 0 0 0 0 0 0 0
2 3 1 0 4 3 1 0 0 0 0 0 0 0 0
1 1 0 0 1 0 0 0 0 0 0 0 0 0 0
2 56 1 0 157 56 831 0 0 6 0 0 0 0 0
1 28 0 0 105 0 375 0 0 3 0 0 0 0 0
1 5 0 0 32 0 9 0 0 1 0 0 0 0 0
1 3 0 0 2 0 3 0 0 0 0 0 0 0 0
1 3 0 0 2 0 3 0 0 0 0 0 0 0 0
2 2 0 1 2 0 0 0 0 0 0 0 1 0 0
3 8 3 0 25 16 28 1 0 0 0 0 0 0 0
1 2 0 0 8 0 1 0 0 0 0 0 0 0 0
1 2 0 0 8 0 1 0 0 0 0 0 0 0 0
3 12 3 0 62 24 32 1 0 5 0 0 0 0 0
2 6 1 0 26 6 7 0 0 0 0 0 0 0 0
3 74 2 1 183 79 1031 0 3 5 61 1 1 0 0
3 41 3 0 139 78 431 1 2 3 0 0 0 0 0
1 11 0 0 31 0 55 0 0 0 0 0 0 0 0
3 12 2 1 33 23 55 0 0 0 1 1 0 0 0
2 11 1 0 30 11 55 0 0 0 0 0 0 0 0
1 11 0 0 31 0 55 0 0 0 0 0 0 0 0
1 11 0 0 31 0 55 0 0 0 0 0 0 0 0
1 11 0 0 31 0 55 0 0 0 0 0 0 0 0
1 5 0 0 17 0 7 0 0 3 0 0 0 0 0
1 28 0 0 40 0 378 0 0 0 0 0 0 0 0
1 28 0 0 40 0 378 0 0 0 0 0 0 0 0
1 28 0 0 40 0 378 0 0 0 0 0 0 0 0
1 28 0 0 40 0 378 0 0 0 0 0 0 0 0
1 28 0 0 40 0 378 0 0 0 0 0 0 0 0
1 28 0 0 40 0 378 0 0 0 0 0 0 0 0
2 31 1 0 50 31 381 0 0 0 0 0 0 0 0
1 28 0 0 40 0 378 0 0 0 0 0 0 0 0
1 28 0 0 40 0 378 0 0 0 0 0 0 0 0
5 68 9 1 79 250 624 7 3 0 10 3 3 0 0
2 4 0 1 2 0 3 0 0 0 4 0 0 0 0
4 20 6 0 101 60 73 4 0 0 0 0 0 0 0
1 6 0 0 27 0 14 0 0 1 0 0 0 0 0
2 8 0 1 35 0 13 0 0 0 8 0 0 0 0
2 21 1 0 46 21 188 0 0 2 0 0 0 0 0
1 7 0 0 49 0 19 0 0 2 0 0 0 0 0
1 12 0 0 6 0 62 0 0 4 0 0 0 0 0
4 40 6 0 132 120 663 4 0 6 0 0 0 0 0
1 3 0 0 40 0 3 0 0 0 0 0 0 0 0
1 3 0 0 40 0 3 0 0 0 0 0 0 0 0
1 10 0 0 20 0 45 0 0 0 0 0 0 0 0
1 19 0 0 41 0 171 0 0 0 0 0 0 0 0
1 6 0 0 35 0 15 0 0 0 0 0 0 0 0
2 18 1 0 31 18 72 0 0 1 0 0 0 0 0
11 6 55 0 23 60 6 165 0 0 0 0 0 0 0
2 9 1 0 56 7 14 0 1 2 0 0 0 0 0
1 17 0 0 51 0 129 0 0 7 0 0 0 0 0
1 26 0 0 33 0 307 0 0 18 0 0 0 0 0
1 2 0 0 7 0 1 0 0 0 0 0 0 0 0
1 2 0 0 34 0 1 0 0 0 0 0 0 0 0
6 35 15 0 67 173 222 20 1 1 0 0 0 0 0
1 19 0 0 41 0 171 0 0 0 0 0 0 0 0
6 31 15 0 91 153 216 20 1 0 0 0 0 0 0
1 19 0 0 41 0 171 0 0 0 0 0 0 0 0
2 2 0 1 15 0 0 0 0 0 2 0 0 0 0
3 5 2 1 26 9 6 0 0 0 1 1 0 0 0
1 10 0 0 29 0 44 0 0 1 0 0 0 0 0
1 4 0 0 3 0 6 0 0 0 0 0 0 0 0
5 3 10 0 8 12 1 10 0 0 0 0 0 0 0
3 10 3 0 22 20 21 1 0 1 0 0 0 0 0
2 6 1 0 9 6 15 0 0 0 0 0 0 0 0
1 1 0 0 6 0 0 0 0 0 0 0 0 0 0
3 25 3 0 73 50 97 1 0 1 0 0 0 0 0
1 1 0 0 3 0 0 0 0 0 0 0 0 0 0
2 3 1 0 9 3 3 0 0 0 0 0 0 0 0
1 3 0 0 9 0 2 0 0 1 0 0 0 0 0
2 2 1 0 2 2 0 0 0 0 0 0 0 0 0
2 2 1 0 1 2 0 0 0 0 0 0 0 0 0
2 2 1 0 7 2 0 0 0 0 0 0 0 0 0
2 3 1 0 8 1 1 0 1 0 0 0 0 0 0
2 5 1 0 19 3 6 0 1 0 0 0 0 0 0
1 1 0 0 3 0 0 0 0 0 0 0 0 0 0
1 1 0 0 22 0 0 0 0 0 0 0 0 0 0
2 22 1 0 41 22 231 0 0 0 0 0 0 0 0
1 2 0 0 18 0 1 0 0 0 0 0 0 0 0
2 1 1 0 1 1 0 0 0 0 0 0 0 0 0
2 8 1 0 65 8 13 0 0 0 0 0 0 0 0
1 4 0 0 26 0 5 0 0 1 0 0 0 0 0
1 12 0 0 34 0 63 0 0 3 0 0 0 0 0
1 12 0 0 34 0 63 0 0 3 0 0 0 0 0
1 12 0 0 34 0 63 0 0 3 0 0 0 0 0
1 12 0 0 6 0 62 0 0 4 0 0 0 0 0
1 26 0 0 33 0 307 0 0 18 0 0 0 0 0
1 26 0 0 33 0 307 0 0 18 0 0 0 0 0
1 26 0 0 33 0 307 0 0 18 0 0 0 0 0
1 26 0 0 33 0 307 0 0 18 0 0 0 0 0
1 9 0 0 25 0 36 0 0 0 0 0 0 0 0
1 28 0 0 105 0 375 0 0 3 0 0 0 0 0
2 2 1 0 4 2 1 0 0 0 0 0 0 0 0
1 4 0 0 2 0 5 0 0 1 0 0 0 0 0
1 4 0 0 2 0 5 0 0 1 0 0 0 0 0
1 12 0 0 6 0 62 0 0 4 0 0 0 0 0
3 1 3 0 3 2 0 1 0 0 0 0 0 0 0
1 2 0 0 1 0 1 0 0 0 0 0 0 0 0
1 2 0 0 1 0 1 0 0 0 0 0 0 0 0
2 3 1 0 3 3 3 0 0 0 0 0 0 0 0
1 1 0 0 3 0 0 0 0 0 0 0 0 0 0
1 2 0 0 8 0 0 0 0 1 0 0 0 0 0
1 3 0 0 5 0 3 0 0 0 0 0 0 0 0
1 1 0 0 3 0 0 0 0 0 0 0 0 0 0
1 3 0 0 19 0 3 0 0 0 0 0 0 0 0
1 5 0 0 12 0 10 0 0 0 0 0 0 0 0
1 28 0 0 105 0 375 0 0 3 0 0 0 0 0
2 21 1 0 29 21 98 0 0 4 0 0 0 0 0
1 4 0 0 4 0 6 0 0 0 0 0 0 0 0
2 28 1 0 50 28 246 0 0 0 0 0 0 0 0
1 1 0 0 1 0 0 0 0 0 0 0 0 0 0
1 1 0 0 6 0 0 0 0 0 0 0 0 0 0
1 1 0 0 2 0 0 0 0 0 0 0 0 0 0
2 1 1 0 37 1 0 0 0 0 0 0 0 0 0
2 38 1 0 117 38 660 0 0 6 0 0 0 0 0
1 1 0 0 1 0 0 0 0 0 0 0 0 0 0
1 3 0 0 53 0 2 0 0 1 0 0 0 0 0
1 6 0 0 13 0 11 0 0 4 0 0 0 0 0
2 16 0 1 9 0 65 0 0 0 10 0 3 0 0
2 16 0 1 9 0 65 0 0 0 10 0 3 0 0
2 22 1 0 38 22 146 0 0 0 0 0 0 0 0
1 2 0 0 28 0 1 0 0 0 0 0 0 0 0
3 2 3 0 28 4 1 1 0 0 0 0 0 0 0
1 2 0 0 2 0 1 0 0 0 0 0 0 0 0
1 2 0 0 2 0 1 0 0 0 0 0 0 0 0
2 8 1 0 36 8 16 0 0 0 0 0 0 0 0
1 6 0 0 31 0 15 0 0 0 0 0 0 0 0
1 4 0 0 19 0 6 0 0 0 0 0 0 0 0
1 1 0 0 2 0 0 0 0 0 0 0 0 0 0
1 1 0 0 9 0 0 0 0 0 0 0 0 0 0
1 6 0 0 38 0 15 0 0 0 0 0 0 0 0
1 6 0 0 12 0 15 0 0 0 0 0 0 0 0
1 2 0 0 10 0 1 0 0 0 0 0 0 0 0
2 11 1 0 22 11 25 0 0 0 0 0 0 0 0
1 5 0 0 12 0 10 0 0 0 0 0 0 0 0
2 6 1 0 34 6 7 0 0 0 0 0 0 0 0
1 10 0 0 20 0 45 0 0 0 0 0 0 0 0
1 4 0 0 34 0 6 0 0 0 0 0 0 0 0
2 20 1 0 11 20 139 0 0 0 0 0 0 0 0
2 24 1 0 25 24 156 0 0 1 0 0 0 0 0
1 17 0 0 9 0 136 0 0 0 0 0 0 0 0
1 17 0 0 9 0 136 0 0 0 0 0 0 0 0
1 17 0 0 9 0 136 0 0 0 0 0 0 0 0
1 17 0 0 9 0 136 0 0 0 0 0 0 0 0
1 17 0 0 9 0 136 0 0 0 0 0 0 0 0
1 17 0 0 9 0 136 0 0 0 0 0 0 0 0
1 17 0 0 9 0 136 0 0 0 0 0 0 0 0
1 17 0 0 9 0 136 0 0 0 0 0 0 0 0
1 17 0 0 9 0 136 0 0 0 0 0 0 0 0
1 17 0 0 9 0 136 0 0 0 0 0 0 0 0
1 17 0 0 9 0 136 0 0 0 0 0 0 0 0
1 1 0 0 12 0 0 0 0 0 0 0 0 0 0
2 12 1 0 3 12 66 0 0 0 0 0 0 0 0
3 3 1 2 1 3 1 0 0 0 3 0 0 1 0
3 3 1 2 1 3 1 0 0 0 3 0 0 1 0
4 3 5 1 26 7 0 2 0 0 0 2 1 0 0
3 2 2 1 4 2 0 0 0 0 0 1 1 0 0
1 2 0 0 14 0 1 0 0 0 0 0 0 0 0
1 5 0 0 12 0 10 0 0 0 0 0 0 0 0
1 17 0 0 51 0 129 0 0 7 0 0 0 0 0
1 5 0 0 13 0 10 0 0 0 0 0 0 0 0
1 3 0 0 20 0 3 0 0 0 0 0 0 0 0
1 3 0 0 20 0 1 0 0 2 0 0 0 0 0
1 12 0 0 6 0 62 0 0 4 0 0 0 0 0
1 10 0 0 20 0 45 0 0 0 0 0 0 0 0
1 10 0 0 20 0 45 0 0 0 0 0 0 0 0
1 2 0 0 4 0 1 0 0 0 0 0 0 0 0
1 4 0 0 3 0 6 0 0 0 0 0 0 0 0
1 4 0 0 3 0 6 0 0 0 0 0 0 0 0
1 6 0 0 10 0 15 0 0 0 0 0 0 0 0
3 9 2 1 14 10 13 0 0 0 8 1 0 0 0
1 3 0 0 38 0 3 0 0 0 0 0 0 0 0
4 38 6 0 122 108 419 4 3 4 0 0 0 0 0
1 6 0 0 7 0 14 0 0 1 0 0 0 0 0
2 28 1 0 104 28 375 0 0 3 0 0 0 0 0
1 1 0 0 28 0 0 0 0 0 0 0 0 0 0
4 16 6 0 49 48 57 4 0 0 0 0 0 0 0
3 57 3 0 157 110 627 1 2 3 0 0 0 0 0
1 7 0 0 20 0 21 0 0 0 0 0 0 0 0
1 7 0 0 20 0 21 0 0 0 0 0 0 0 0
2 4 1 0 22 4 3 0 0 0 0 0 0 0 0
1 3 0 0 2 0 3 0 0 0 0 0 0 0 0
1 20 0 0 23 0 190 0 0 0 0 0 0 0 0
2 13 1 0 51 11 48 0 1 0 0 0 0 0 0
13 4 78 0 8 48 3 286 0 0 0 0 0 0 0
1 3 0 0 38 0 3 0 0 0 0 0 0 0 0
1 8 0 0 27 0 27 0 0 1 0 0 0 0 0
1 8 0 0 27 0 27 0 0 1 0 0 0 0 0
1 5 0 0 31 0 10 0 0 0 0 0 0 0 0
1 3 0 0 20 0 3 0 0 0 0 0 0 0 0
6 19 15 0 34 93 34 20 1 1 0 0 0 0 0
1 4 0 0 18 0 6 0 0 0 0 0 0 0 0
1 4 0 0 18 0 6 0 0 0 0 0 0 0 0
1 4 0 0 18 0 6 0 0 0 0 0 0 0 0
1 37 0 0 118 0 660 0 0 6 0 0 0 0 0
1 37 0 0 118 0 660 0 0 6 0 0 0 0 0
2 5 1 0 23 5 4 0 0 0 0 0 0 0 0
1 5 0 0 35 0 10 0 0 0 0 0 0 0 0
1 5 0 0 35 0 10 0 0 0 0 0 0 0 0
1 20 0 0 23 0 190 0 0 0 0 0 0 0 0
1 1 0 0 1 0 0 0 0 0 0 0 0 0 0
3 60 3 0 158 108 650 1 6 4 0 0 0 0 0
1 28 0 0 105 0 375 0 0 3 0 0 0 0 0
1 28 0 0 105 0 375 0 0 3 0 0 0 0 0
1 4 0 0 3 0 6 0 0 0 0 0 0 0 0
1 4 0 0 3 0 6 0 0 0 0 0 0 0 0
1 2 0 0 12 0 1 0 0 0 0 0 0 0 0
1 2 0 0 12 0 1 0 0 0 0 0 0 0 0
2 33 1 0 95 33 258 0 0 10 0 0 0 0 0
1 13 0 0 52 0 70 0 0 8 0 0 0 0 0
1 4 0 0 20 0 5 0 0 1 0 0 0 0 0
1 3 0 0 6 0 3 0 0 0 0 0 0 0 0
2 8 1 0 51 4 11 0 2 2 0 0 0 0 0
1 4 0 0 77 0 5 0 0 1 0 0 0 0 0
1 3 0 0 19 0 3 0 0 0 0 0 0 0 0
1 6 0 0 12 0 15 0 0 0 0 0 0 0 0
2 7 1 0 8 7 11 0 0 0 0 0 0 0 0
6 2 15 0 2 10 0 20 0 0 0 0 0 0 0
1 6 0 0 38 0 15 0 0 0 0 0 0 0 0
1 20 0 0 23 0 190 0 0 0 0 0 0 0 0
1 3 0 0 2 0 3 0 0 0 0 0 0 0 0
2 2 1 0 11 2 1 0 0 0 0 0 0 0 0
4 5 6 0 39 15 2 4 0 0 0 0 0 0 0
3 13 3 0 63 26 21 1 0 1 0 0 0 0 0
1 4 0 0 4 0 6 0 0 0 0 0 0 0 0
1 9 0 0 35 0 36 0 0 0 0 0 0 0 0
1 2 0 0 1 0 0 0 0 1 0 0 0 0 0
1 17 0 0 51 0 129 0 0 7 0 0 0 0 0
1 5 0 0 31 0 10 0 0 0 0 0 0 0 0
1 5 0 0 31 0 10 0 0 0 0 0 0 0 0
1 3 0 0 3 0 2 0 0 1 0 0 0 0 0
1 4 0 0 24 0 3 0 0 3 0 0 0 0 0
1 20 0 0 23 0 190 0 0 0 0 0 0 0 0
1 20 0 0 23 0 190 0 0 0 0 0 0 0 0
1 20 0 0 23 0 190 0 0 0 0 0 0 0 0
1 20 0 0 23 0 190 0 0 0 0 0 0 0 0
1 5 0 0 27 0 10 0 0 0 0 0 0 0 0
3 6 3 0 22 10 10 1 1 0 0 0 0 0 0
1 5 0 0 19 0 10 0 0 0 0 0 0 0 0
1 1 0 0 2 0 0 0 0 0 0 0 0 0 0
1 4 0 0 4 0 6 0 0 0 0 0 0 0 0
1 11 0 0 55 0 48 0 0 7 0 0 0 0 0
6 15 15 0 101 75 49 20 0 7 0 0 0 0 0
1 4 0 0 34 0 6 0 0 0 0 0 0 0 0
1 3 0 0 5 0 2 0 0 1 0 0 0 0 0
1 6 0 0 13 0 15 0 0 0 0 0 0 0 0
1 2 0 0 8 0 1 0 0 0 0 0 0 0 0
1 5 0 0 12 0 9 0 0 1 0 0 0 0 0
1 5 0 0 59 0 10 0 0 0 0 0 0 0 0
1 5 0 0 2 0 10 0 0 0 0 0 0 0 0
1 8 0 0 25 0 22 0 0 6 0 0 0 0 0
1 2 0 0 2 0 0 0 0 1 0 0 0 0 0
1 5 0 0 59 0 10 0 0 0 0 0 0 0 0
1 7 0 0 21 0 21 0 0 0 0 0 0 0 0
1 9 0 0 46 0 31 0 0 5 0 0 0 0 0
1 5 0 0 15 0 10 0 0 0 0 0 0 0 0
1 3 0 0 12 0 3 0 0 0 0 0 0 0 0
1 5 0 0 17 0 7 0 0 3 0 0 0 0 0
1 3 0 0 6 0 3 0 0 0 0 0 0 0 0
2 4 1 0 9 4 3 0 0 0 0 0 0 0 0
1 7 0 0 21 0 21 0 0 0 0 0 0 0 0
1 2 0 0 7 0 1 0 0 0 0 0 0 0 0
1 3 0 0 16 0 3 0 0 0 0 0 0 0 0
1 3 0 0 16 0 3 0 0 0 0 0 0 0 0
1 10 0 0 16 0 44 0 0 1 0 0 0 0 0
1 5 0 0 9 0 10 0 0 0 0 0 0 0 0
1 5 0 0 9 0 10 0 0 0 0 0 0 0 0
1 5 0 0 9 0 10 0 0 0 0 0 0 0 0
3 7 3 0 18 14 9 1 0 0 0 0 0 0 0
4 4 6 0 14 12 6 4 0 0 0 0 0 0 0
1 17 0 0 51 0 129 0 0 7 0 0 0 0 0
1 17 0 0 51 0 129 0 0 7 0 0 0 0 0
2 4 1 0 82 2 3 0 1 0 0 0 0 0 0
1 3 0 0 12 0 3 0 0 0 0 0 0 0 0
1 5 0 0 15 0 10 0 0 0 0 0 0 0 0
2 15 1 0 19 15 55 0 0 0 0 0 0 0 0
1 2 0 0 3 0 1 0 0 0 0 0 0 0 0
4 5 6 0 42 15 2 4 0 0 0 0 0 0 0
1 3 0 0 5 0 3 0 0 0 0 0 0 0 0
1 2 0 0 7 0 1 0 0 0 0 0 0 0 0
1 11 0 0 21 0 55 0 0 0 0 0 0 0 0
1 11 0 0 21 0 55 0 0 0 0 0 0 0 0
2 11 1 0 20 11 55 0 0 0 0 0 0 0 0
1 1 0 0 11 0 0 0 0 0 0 0 0 0 0
1 1 0 0 8 0 0 0 0 0 0 0 0 0 0
1 22 0 0 42 0 231 0 0 0 0 0 0 0 0
1 5 0 0 5 0 10 0 0 0 0 0 0 0 0
1 5 0 0 5 0 10 0 0 0 0 0 0 0 0
1 5 0 0 5 0 10 0 0 0 0 0 0 0 0
1 5 0 0 5 0 10 0 0 0 0 0 0 0 0
2 23 1 0 48 23 191 0 0 2 0 0 0 0 0
1 20 0 0 45 0 188 0 0 2 0 0 0 0 0
1 20 0 0 45 0 188 0 0 2 0 0 0 0 0
1 20 0 0 45 0 188 0 0 2 0 0 0 0 0
1 20 0 0 45 0 188 0 0 2 0 0 0 0 0
3 3 3 0 27 6 1 1 0 0 0 0 0 0 0
1 2 0 0 3 0 1 0 0 0 0 0 0 0 0
1 3 0 0 2 0 3 0 0 0 0 0 0 0 0
1 3 0 0 2 0 3 0 0 0 0 0 0 0 0
1 1 0 0 4 0 0 0 0 0 0 0 0 0 0
1 3 0 0 21 0 3 0 0 0 0 0 0 0 0
1 1 0 0 11 0 0 0 0 0 0 0 0 0 0
1 6 0 0 35 0 15 0 0 0 0 0 0 0 0
1 22 0 0 42 0 231 0 0 0 0 0 0 0 0
1 22 0 0 42 0 231 0 0 0 0 0 0 0 0
1 22 0 0 42 0 231 0 0 0 0 0 0 0 0
1 22 0 0 42 0 231 0 0 0 0 0 0 0 0
1 22 0 0 42 0 231 0 0 0 0 0 0 0 0
1 22 0 0 42 0 231 0 0 0 0 0 0 0 0
1 22 0 0 42 0 231 0 0 0 0 0 0 0 0
1 22 0 0 42 0 231 0 0 0 0 0 0 0 0
1 3 0 0 5 0 3 0 0 0 0 0 0 0 0
1 2 0 0 8 0 1 0 0 0 0 0 0 0 0
1 4 0 0 6 0 6 0 0 0 0 0 0 0 0
1 4 0 0 6 0 6 0 0 0 0 0 0 0 0
1 4 0 0 6 0 6 0 0 0 0 0 0 0 0
2 9 1 0 20 7 21 0 1 1 0 0 0 0 0
1 7 0 0 18 0 20 0 0 1 0 0 0 0 0
1 5 0 0 2 0 10 0 0 0 0 0 0 0 0
1 5 0 0 2 0 10 0 0 0 0 0 0 0 0
1 5 0 0 2 0 10 0 0 0 0 0 0 0 0
1 12 0 0 4 0 66 0 0 0 0 0 0 0 0
1 12 0 0 4 0 66 0 0 0 0 0 0 0 0
1 12 0 0 4 0 66 0 0 0 0 0 0 0 0
1 12 0 0 4 0 66 0 0 0 0 0 0 0 0
1 12 0 0 4 0 66 0 0 0 0 0 0 0 0
1 12 0 0 4 0 66 0 0 0 0 0 0 0 0
1 12 0 0 4 0 66 0 0 0 0 0 0 0 0
1 12 0 0 4 0 66 0 0 0 0 0 0 0 0
1 12 0 0 4 0 66 0 0 0 0 0 0 0 0
1 12 0 0 4 0 66 0 0 0 0 0 0 0 0
1 12 0 0 4 0 66 0 0 0 0 0 0 0 0
1 3 0 0 4 0 3 0 0 0 0 0 0 0 0
1 3 0 0 4 0 3 0 0 0 0 0 0 0 0
1 3 0 0 4 0 3 0 0 0 0 0 0 0 0
1 10 0 0 6 0 45 0 0 0 0 0 0 0 0
1 10 0 0 6 0 45 0 0 0 0 0 0 0 0
1 10 0 0 6 0 45 0 0 0 0 0 0 0 0
1 10 0 0 6 0 45 0 0 0 0 0 0 0 0
1 10 0 0 6 0 45 0 0 0 0 0 0 0 0
1 10 0 0 6 0 45 0 0 0 0 0 0 0 0
1 10 0 0 6 0 45 0 0 0 0 0 0 0 0
1 10 0 0 6 0 45 0 0 0 0 0 0 0 0
1 2 0 0 6 0 1 0 0 0 0 0 0 0 0
1 4 0 0 7 0 6 0 0 0 0 0 0 0 0
2 5 1 0 9 5 6 0 0 0 0 0 0 0 0
1 4 0 0 7 0 6 0 0 0 0 0 0 0 0
1 8 0 0 27 0 28 0 0 0 0 0 0 0 0
1 8 0 0 27 0 28 0 0 0 0 0 0 0 0
1 4 0 0 16 0 6 0 0 0 0 0 0 0 0
1 1 0 0 29 0 0 0 0 0 0 0 0 0 0
1 5 0 0 5 0 7 0 0 3 0 0 0 0 0
1 3 0 0 13 0 3 0 0 0 0 0 0 0 0
1 1 0 0 5 0 0 0 0 0 0 0 0 0 0
3 1 3 0 5 2 0 1 0 0 0 0 0 0 0
1 2 0 0 1 0 1 0 0 0 0 0 0 0 0
1 2 0 0 1 0 1 0 0 0 0 0 0 0 0
