1458 1948
0 865
1 1091
1 972
1 158
1 926
2 1032
3 168
3 416
4 855
5 50
5 517
6 1393
7 855
8 1018
8 1333
9 1148
10 36
10 1438
11 1078
12 1454
12 496
12 594
12 1242
12 508
12 634
13 202
13 347
13 1251
14 200
14 762
14 1116
14 286
14 1119
15 954
15 588
15 543
16 444
17 472
17 1442
18 209
18 634
18 123
18 706
19 1393
20 553
20 115
21 1432
22 613
22 1004
22 299
22 1164
22 655
22 499
22 1321
22 827
23 965
24 420
24 1416
24 555
24 760
24 792
24 91
25 1418
25 979
25 1125
26 278
27 137
27 93
28 703
29 855
30 1032
30 962
31 1350
31 806
31 1446
31 811
31 269
31 593
31 1430
31 985
32 755
33 167
34 527
34 688
34 344
34 115
34 662
34 632
34 1148
35 1212
36 1240
37 101
37 967
37 462
37 853
37 1435
37 863
38 524
39 377
40 999
40 375
41 223
42 865
43 611
44 305
45 1016
45 677
46 154
47 918
48 1184
48 321
49 1098
50 1121
50 258
50 1219
50 781
50 974
50 1455
50 1139
50 86
50 1174
50 990
51 1255
52 1059
52 549
53 1137
53 772
53 790
54 1062
54 265
54 1002
54 1424
54 1433
54 569
55 1216
55 112
56 620
57 992
57 1253
57 234
57 941
57 176
57 470
58 962
59 704
59 1122
59 1348
59 967
59 232
59 850
59 83
59 724
59 925
60 1248
60 1442
60 631
60 828
60 111
61 417
62 864
62 395
62 295
62 906
62 587
62 271
62 195
62 826
63 855
64 1009
64 889
65 816
65 1393
66 1266
66 299
66 714
67 1012
68 442
69 1181
70 641
70 259
70 1333
70 278
70 567
71 1207
71 580
71 1406
71 855
72 1032
72 865
72 1154
72 1452
73 1098
74 1352
74 467
74 165
74 541
75 1328
75 556
75 579
75 908
76 864
76 1057
76 1094
76 854
76 954
76 350
77 593
77 269
77 1446
78 1265
78 114
78 855
79 920
79 987
79 724
79 279
80 1115
80 139
80 613
81 928
81 1019
81 158
81 1110
81 567
82 1072
83 1356
84 757
85 1045
86 321
87 904
88 274
89 602
89 764
89 197
89 158
90 386
90 1348
90 1366
90 230
90 361
90 331
90 1078
91 382
92 167
92 972
92 652
92 398
92 761
92 1020
93 1441
94 1379
94 1005
94 1199
95 1302
96 844
97 417
97 1198
97 553
98 677
99 523
99 1332
100 881
102 184
102 478
102 749
102 1198
102 1407
103 761
103 972
103 997
104 865
104 634
104 763
104 1316
105 988
105 165
106 227
106 421
106 915
106 692
106 469
106 829
107 1188
107 429
108 1302
109 955
110 543
111 768
111 220
111 1202
112 1170
113 1058
113 477
114 1151
114 991
114 383
115 179
116 1340
117 1032
118 575
119 736
119 1357
119 1007
120 528
120 865
121 416
122 1190
123 162
123 1340
123 606
123 175
124 444
125 1393
126 1197
127 1059
127 540
127 533
128 855
129 1056
129 238
130 1074
130 343
131 865
132 737
132 865
133 680
133 1457
133 1365
133 1302
134 1393
135 288
136 1226
137 417
137 813
137 1359
138 1393
138 1187
138 1151
139 1115
139 613
140 1246
141 661
142 512
142 1366
143 167
144 740
145 1043
146 168
146 1350
147 205
148 1009
148 755
148 278
148 782
148 889
149 1183
150 912
150 174
151 610
152 432
152 1098
152 206
153 780
154 716
154 487
155 768
155 523
155 622
155 530
155 918
155 314
156 865
156 1350
156 1446
156 521
156 846
156 624
156 403
156 1332
156 462
156 1307
156 1405
156 1246
156 1349
157 855
158 546
158 229
158 974
158 1455
158 369
158 660
158 1179
158 1278
159 528
160 855
161 757
162 175
162 496
162 660
162 1340
162 606
163 1068
164 1276
164 614
165 258
165 771
165 228
165 848
165 946
165 695
165 986
165 1212
165 1386
166 377
166 278
167 901
167 903
167 904
167 1292
167 398
167 1296
167 534
167 1440
167 802
167 675
167 1063
167 391
167 301
167 181
167 824
167 1215
167 323
167 1232
167 342
167 400
167 1380
167 1254
167 881
167 1403
168 1280
168 833
168 706
168 1443
168 804
168 902
168 838
168 1287
168 465
168 224
168 463
168 368
168 817
168 244
168 598
168 1179
168 1224
168 1021
168 318
169 897
169 1396
169 854
170 295
170 503
171 809
171 1196
171 305
171 468
171 442
171 188
172 1320
173 377
174 1427
174 1020
174 607
175 1397
175 965
177 710
177 1318
178 577
178 1298
178 972
178 822
180 1266
180 1181
181 1403
181 1254
182 1148
183 713
184 1180
184 661
185 855
186 817
186 463
186 1071
187 888
187 1391
188 1443
188 334
189 789
190 904
190 1245
190 789
191 1442
192 1017
192 755
193 812
193 972
194 844
195 444
195 781
196 1179
196 1372
196 1149
196 1247
198 865
198 567
199 545
199 643
199 559
199 486
199 1041
200 937
200 211
200 773
200 1357
201 773
202 347
202 1251
203 797
203 1143
204 510
204 1038
204 1381
204 366
205 840
205 1301
205 494
205 525
207 433
207 706
208 1057
208 818
209 252
210 1017
211 916
212 427
212 1245
213 603
213 712
213 1290
213 939
213 1232
213 1426
213 917
213 952
213 473
213 795
214 683
215 1366
216 932
217 920
218 855
219 737
219 524
220 768
220 1252
220 1285
220 693
220 1018
220 828
220 382
221 809
222 506
222 499
223 707
225 1332
226 1457
228 1120
228 970
228 821
228 439
228 1272
228 1342
229 485
231 890
231 527
232 1011
232 972
232 1366
233 927
235 755
236 1266
236 295
236 511
237 444
238 1056
238 1313
238 1419
238 566
238 1245
239 1396
239 1039
240 855
241 915
241 644
242 1423
243 1393
243 1245
244 1356
244 954
244 755
244 972
245 383
246 263
247 973
248 673
248 571
249 1088
249 1403
249 1254
250 1317
251 855
253 1133
254 274
255 288
256 773
257 976
257 417
258 352
258 988
258 716
258 476
259 780
260 1387
261 611
262 800
262 1452
262 765
262 478
263 834
263 553
263 334
263 496
263 1017
263 699
264 1143
264 645
264 797
266 1315
266 647
267 523
268 436
268 437
269 355
269 624
269 1332
269 473
270 1212
272 855
273 737
273 523
273 661
274 804
274 1382
274 1259
274 973
274 1107
274 820
274 287
275 561
276 1442
277 349
278 1250
278 443
278 1127
278 588
278 1389
278 750
278 381
278 848
278 1395
278 610
278 438
278 1439
278 380
278 986
278 963
278 1087
280 780
281 409
281 1116
282 846
283 1381
284 1146
284 973
285 604
287 1093
287 435
287 1017
287 1049
287 851
288 823
288 388
288 1246
289 1142
289 436
289 1269
289 1190
290 611
291 472
291 553
291 1181
292 1416
292 442
292 1183
293 809
293 855
294 384
294 865
295 299
295 1393
295 1266
295 855
296 561
296 523
296 737
297 649
297 1374
297 1238
297 663
298 1391
299 578
299 1035
299 620
299 1393
299 1427
299 511
300 507
301 1296
301 1403
301 1254
302 462
303 914
303 1402
304 703
305 449
305 1098
305 1097
306 952
307 1246
308 585
308 323
309 855
310 1372
310 1391
311 796
311 855
312 1151
313 929
314 1451
314 918
315 1057
315 523
316 1346
316 652
317 880
317 993
317 390
318 865
319 433
320 1125
321 1133
321 1092
321 1285
321 1425
321 1448
321 1191
321 781
321 1229
321 561
321 1074
321 1363
321 1013
321 1064
321 1176
321 862
321 437
322 516
323 534
323 782
323 758
323 573
324 337
325 1161
326 855
327 987
328 1004
329 417
330 883
332 976
332 417
332 859
332 639
333 524
334 588
334 922
334 699
335 1011
335 1366
336 1245
337 1186
337 1430
338 889
339 1265
339 1457
339 647
340 524
341 1200
345 1366
345 854
346 524
346 1053
347 755
348 1055
349 426
349 460
349 1430
350 545
350 435
350 804
351 755
353 755
354 782
356 1226
357 465
357 1355
357 773
358 1196
359 1393
360 524
361 1230
362 987
363 856
364 840
364 697
365 909
366 1123
366 982
367 1442
369 1032
369 972
370 992
371 755
372 1381
373 421
374 1366
376 1184
376 1098
377 417
377 675
377 519
377 1054
377 524
377 654
377 451
377 756
377 885
377 702
377 1023
378 808
378 596
379 1184
380 1324
380 1412
380 788
383 1393
383 1310
385 865
386 1033
386 412
386 773
387 556
387 710
388 620
389 805
389 509
390 653
390 513
390 418
390 515
390 998
390 743
390 553
390 626
390 459
390 621
390 494
390 461
390 786
390 974
390 726
390 921
390 410
390 1275
390 914
390 994
392 855
393 855
394 1338
394 421
395 1245
395 406
396 1387
397 737
397 1430
398 903
399 472
401 521
402 1338
403 865
403 1350
403 1446
403 521
403 462
403 1332
403 846
403 1405
403 1246
403 1349
404 760
404 1059
404 965
405 987
406 1245
407 855
408 855
409 1116
411 1009
413 581
414 1060
415 417
416 1107
416 878
417 867
417 524
417 623
417 592
417 1073
417 1295
417 659
417 564
417 675
417 1113
417 975
419 986
420 442
420 1365
420 951
421 915
421 829
421 469
422 1366
423 1234
424 1377
425 463
426 1355
426 1430
428 729
430 728
430 593
430 787
431 1032
432 577
433 454
434 855
435 1093
435 784
435 851
435 1049
435 1084
436 1122
436 1190
436 883
436 1269
436 1142
437 1181
438 739
438 1317
440 656
440 1444
441 1098
442 1344
442 1284
442 1287
442 1365
445 1336
445 1378
445 732
445 575
446 991
447 855
448 1032
450 472
452 864
453 542
455 1131
455 594
455 499
456 1144
457 1337
457 1340
458 545
460 568
460 985
460 1430
460 1206
462 1350
462 777
462 624
462 1206
462 521
462 665
462 1182
462 549
463 1430
463 1355
463 1452
463 945
463 1331
463 661
463 1206
463 1047
463 537
464 1243
465 774
465 1355
465 817
465 870
465 598
466 909
471 1173
471 1181
472 1184
472 1098
472 984
472 957
472 1278
474 719
475 480
477 572
479 549
480 865
480 565
481 773
482 855
483 1391
484 986
484 987
487 1122
487 1204
487 1159
488 987
489 909
490 1060
491 603
492 1002
493 986
493 1068
495 1215
496 1393
496 1365
496 761
497 755
498 1240
498 1358
499 966
499 1256
499 1040
500 769
500 1107
501 855
502 865
504 1234
505 1098
506 778
506 1099
507 972
509 718
509 660
509 665
509 634
509 1371
509 1118
510 647
511 1385
512 1105
512 1005
512 1199
514 728
514 869
514 1213
516 717
517 1017
517 746
517 891
517 577
518 720
518 787
519 552
519 602
519 755
520 987
521 1317
521 1006
521 1332
521 629
521 1399
522 922
522 542
523 1152
523 737
523 1446
523 918
523 983
524 675
524 1413
524 754
524 1022
524 1087
525 840
526 962
527 890
529 1365
531 1243
532 609
532 679
533 1059
533 1340
533 709
535 999
536 606
538 1246
539 553
540 755
540 1117
541 755
542 878
544 611
545 972
545 716
545 755
547 987
548 1457
549 707
549 677
549 749
549 698
550 611
551 1357
552 743
553 1376
554 1377
554 993
556 668
557 572
558 1148
559 755
560 1136
560 953
561 1184
561 1064
561 1130
561 1100
561 698
561 604
562 851
562 771
563 641
563 627
563 1228
564 755
567 672
567 1384
567 919
569 1002
570 755
571 1104
574 1184
575 1335
576 1420
577 900
577 1175
580 1362
580 1029
580 1406
580 1207
581 691
581 1430
582 991
583 855
584 760
584 1361
584 818
584 740
586 855
588 1317
588 977
588 794
589 773
590 595
591 737
593 1227
593 1332
594 1352
594 1197
595 849
595 1366
595 1309
596 808
596 761
597 1002
598 1307
599 886
599 1246
599 1351
600 771
601 1162
601 606
602 848
602 973
603 845
605 976
606 1059
606 713
606 1340
606 1394
606 1397
606 887
606 732
607 989
608 848
609 1239
609 679
610 675
610 1404
610 749
611 1024
611 938
611 653
611 686
611 981
611 1085
612 1442
613 757
613 1115
613 1205
614 1276
615 865
615 1054
615 1366
616 773
617 1148
618 999
619 909
620 1322
620 1452
620 1393
624 648
624 722
625 809
626 1155
628 1057
630 1318
631 907
631 1444
633 991
635 1024
636 1009
637 1265
638 749
639 1080
639 859
640 972
641 720
641 992
641 999
642 1366
643 865
644 915
645 797
645 959
646 1002
646 1181
647 770
647 749
649 1238
650 1353
651 1307
651 1355
651 669
652 1123
652 903
652 909
652 1283
652 1403
655 1346
655 1387
657 868
658 1442
660 1385
660 1393
660 981
660 856
661 1089
661 997
661 777
661 1356
661 826
661 1423
662 1074
664 1350
666 846
667 1393
667 1220
667 996
667 1135
669 1193
670 922
670 1181
670 1246
671 914
671 1402
673 950
674 755
674 782
675 844
676 780
677 771
677 810
677 1387
677 1144
677 1016
677 1020
678 1317
679 1239
681 937
682 1009
683 1368
683 1393
683 766
684 757
685 1160
685 1278
687 773
689 1302
690 909
691 1167
693 1018
693 1252
693 1202
693 1079
694 1392
694 995
694 1034
694 1277
694 944
694 1144
694 1226
695 1161
695 1266
695 1299
696 1009
698 771
698 835
698 1387
700 806
701 991
703 1129
703 1197
703 1390
703 1438
705 1017
706 777
707 1002
707 874
708 1332
709 1340
711 755
713 1276
713 837
714 987
715 1366
716 808
716 1243
717 791
719 881
719 1042
719 1170
720 999
721 865
721 954
721 755
721 773
721 742
723 948
725 1137
727 1393
728 869
729 1366
729 743
730 1312
730 864
730 898
730 1445
731 1078
732 1336
732 865
733 1265
733 855
734 991
735 1071
737 768
737 1355
737 1067
737 853
737 1430
738 933
739 792
740 910
740 1150
741 1078
743 980
743 1383
744 1393
745 962
747 761
748 1246
749 993
749 1017
750 1106
750 1111
751 826
752 1317
753 855
755 896
755 1217
755 1299
755 961
755 843
755 1132
755 877
755 1008
755 1020
756 1017
757 1431
757 1115
758 875
759 865
761 833
761 1025
761 1286
761 839
761 1098
761 1325
761 830
762 937
762 1355
762 773
763 904
763 976
763 1316
767 826
768 1202
768 918
768 828
770 1326
771 1027
771 1294
771 1076
771 1210
771 1244
772 965
772 1293
773 1393
773 1141
773 1116
773 1119
775 920
776 972
777 985
777 1443
779 1098
780 1372
781 958
782 1132
782 1045
783 923
783 1366
784 1049
784 851
784 1084
784 1093
785 1137
786 972
787 1377
790 1268
791 1329
791 858
791 1223
792 1305
793 855
797 1447
797 972
797 959
798 1332
799 1009
800 1176
801 809
802 1318
803 846
804 865
804 1332
805 1260
806 1430
807 1032
810 944
810 932
810 988
810 903
812 1126
812 1078
814 1366
815 1387
816 865
816 972
816 1373
816 1271
816 1437
819 1220
822 1197
825 1353
828 1202
828 865
831 1386
831 1221
832 909
834 1014
835 1050
836 909
837 972
838 1450
839 972
839 1393
841 991
842 1285
843 1430
844 1392
844 1317
845 1086
847 1387
848 1220
849 1410
851 1093
851 1049
851 1084
852 1188
854 1156
854 1263
854 1200
854 1270
855 1409
855 1195
855 1163
855 1428
855 1048
855 1434
855 1308
855 1182
855 940
855 1070
855 1456
855 1203
855 1082
855 1343
855 1345
855 866
855 1235
855 1240
855 857
855 1140
855 1258
855 1136
855 884
855 1274
856 1385
856 1427
858 1273
860 1135
861 1110
862 1074
863 1442
864 1393
864 1332
865 1410
865 916
865 1053
865 1065
865 1452
865 1073
865 1348
868 1032
871 1189
872 1340
873 970
876 1134
878 1356
879 1002
879 1123
880 1032
880 1068
881 1254
881 903
881 1403
882 1001
889 1297
889 1009
889 1045
889 1401
890 1090
891 972
892 1302
893 1332
894 987
895 1457
897 1410
898 1445
899 1426
900 1201
900 1313
900 1230
900 1375
901 1254
903 1254
903 1403
904 1059
904 1316
904 1393
904 1364
905 1002
905 1318
906 1032
906 972
907 1248
909 1184
909 1012
909 1257
911 1057
913 1317
916 976
918 1291
920 1430
922 929
922 933
924 1110
927 1053
930 972
931 1134
932 1028
934 955
935 1381
936 991
937 1348
937 1078
942 1338
942 1085
943 1430
944 1226
945 1226
947 1009
948 985
949 1089
949 1188
954 1190
954 1138
954 1246
955 1349
956 1357
956 1181
960 1017
962 1239
964 1396
965 1059
965 1293
965 1134
965 1340
967 1032
968 1017
969 1017
971 1197
972 1052
972 1393
972 1455
972 1096
972 974
972 1252
972 1261
972 1144
972 1017
973 1332
974 1032
974 1455
976 1404
978 1243
981 1427
985 1227
985 1430
986 1172
987 1075
987 1417
987 1329
987 1169
987 1429
987 1288
987 1284
987 1146
988 1346
991 1185
991 1218
991 1095
991 1453
991 1178
992 1438
993 1190
993 1356
993 1393
997 1189
999 1414
999 1213
1000 1411
1000 1436
1001 1112
1001 1070
1002 1415
1002 1224
1002 1194
1002 1424
1002 1330
1002 1432
1002 1433
1003 1338
1005 1199
1007 1212
1009 1102
1009 1297
1009 1401
1009 1076
1010 1355
1010 1430
1012 1350
1015 1442
1017 1087
1018 1252
1020 1365
1020 1181
1021 1260
1021 1365
1024 1145
1024 1032
1025 1077
1026 1032
1030 1228
1031 1384
1031 1393
1032 1085
1032 1233
1032 1241
1032 1246
1032 1263
1032 1143
1032 1400
1032 1406
1034 1226
1036 1334
1037 1188
1043 1332
1043 1399
1044 1366
1046 1224
1047 1331
1049 1093
1049 1084
1051 1430
1053 1393
1053 1211
1055 1408
1055 1425
1056 1245
1058 1272
1059 1397
1059 1340
1059 1439
1060 1147
1060 1318
1061 1391
1063 1403
1063 1254
1065 1393
1065 1371
1066 1393
1067 1350
1067 1446
1069 1430
1072 1350
1073 1318
1074 1092
1074 1318
1075 1255
1080 1157
1081 1332
1083 1184
1084 1093
1089 1098
1098 1184
1098 1422
1098 1267
1101 1283
1101 1123
1103 1260
1104 1393
1106 1366
1108 1110
1109 1393
1110 1177
1112 1341
1114 1420
1114 1396
1116 1348
1116 1193
1119 1193
1123 1283
1124 1366
1127 1366
1128 1387
1129 1234
1130 1317
1137 1190
1141 1299
1142 1269
1142 1190
1143 1447
1144 1393
1151 1215
1153 1226
1155 1168
1158 1212
1159 1366
1165 1356
1166 1246
1167 1388
1171 1266
1178 1339
1181 1314
1181 1363
1181 1404
1182 1350
1183 1418
1184 1425
1184 1236
1184 1244
1187 1348
1189 1192
1190 1254
1190 1269
1193 1304
1193 1356
1194 1404
1196 1344
1197 1397
1201 1230
1202 1252
1202 1285
1206 1443
1206 1430
1207 1406
1208 1426
1209 1240
1211 1300
1212 1354
1212 1454
1213 1282
1214 1426
1215 1403
1221 1393
1222 1324
1223 1338
1225 1366
1226 1392
1226 1303
1226 1279
1231 1332
1237 1442
1238 1404
1240 1438
1245 1393
1246 1350
1249 1442
1250 1393
1262 1366
1264 1391
1277 1350
1281 1355
1287 1366
1289 1457
1296 1403
1299 1370
1299 1363
1306 1340
1306 1439
1311 1420
1312 1445
1317 1347
1317 1367
1319 1358
1320 1449
1323 1371
1327 1410
1332 1446
1332 1399
1334 1366
1336 1366
1340 1439
1340 1397
1349 1350
1350 1399
1353 1356
1355 1430
1356 1421
1358 1377
1360 1381
1369 1393
1381 1433
1384 1393
1393 1436
1393 1449
1398 1410
1399 1443
1403 1437
1444 1450