1458 1948
0 5
0 4
0 3
0 2
0 1
1 98
1 97
1 96
1 95
1 94
2 1158
2 1157
2 1156
2 1155
2 1146
2 1134
2 1105
2 892
2 854
2 678
2 671
2 537
2 443
2 409
2 279
2 249
2 225
2 118
2 13
3 1163
4 1271
4 932
4 658
4 557
5 1078
6 9
6 8
6 7
7 553
7 9
8 686
8 555
10 12
10 11
11 100
11 12
12 592
12 193
12 100
14 16
14 15
15 137
15 136
15 135
15 134
15 133
15 132
15 131
15 130
15 129
15 128
15 127
15 126
15 125
15 124
15 123
15 122
15 121
15 120
15 119
15 118
15 117
15 116
15 115
15 114
16 1270
16 1210
16 1165
16 1038
16 369
16 161
17 18
18 918
18 917
18 916
18 915
18 914
18 913
18 912
18 911
18 638
18 405
18 404
18 334
18 291
18 214
18 184
18 169
18 79
18 44
19 22
19 21
19 20
20 121
21 1014
21 1013
21 651
21 22
23 26
23 25
23 24
24 1136
24 312
24 103
25 1296
25 1295
25 1215
25 1142
25 1116
25 1105
25 1097
25 1092
25 1090
25 1085
25 1084
25 1050
25 992
25 869
25 804
25 759
25 724
25 714
25 660
25 614
25 542
25 489
25 476
25 412
25 372
25 349
25 341
25 330
25 319
25 307
25 175
25 94
25 93
25 72
25 68
25 56
25 29
26 352
27 30
27 29
27 28
28 929
28 175
29 1034
29 1033
29 992
29 975
29 928
29 886
29 489
30 634
30 489
31 32
32 656
33 42
33 41
33 40
33 39
33 38
33 37
33 36
33 35
33 34
34 270
34 269
34 268
34 267
34 266
34 265
34 264
34 263
34 262
34 261
34 260
34 259
34 246
34 244
34 243
34 89
34 41
35 552
35 551
35 550
35 549
35 548
35 547
35 546
35 545
35 383
35 268
35 265
37 1043
37 606
37 579
37 284
38 44
38 43
39 227
42 1385
43 53
43 52
43 51
43 50
43 49
43 48
43 47
43 46
43 45
43 44
44 295
44 294
44 293
44 292
44 291
44 154
44 87
44 79
44 49
45 726
45 725
45 593
45 87
45 48
46 464
47 916
47 554
47 464
47 346
47 343
47 154
48 1358
48 1124
48 725
48 87
49 62
53 993
54 59
54 58
54 57
54 56
54 55
55 361
55 360
55 359
55 358
55 357
55 356
55 355
55 354
55 353
55 352
55 351
55 350
55 349
55 348
55 347
55 346
55 345
55 344
55 343
55 342
55 341
55 340
55 293
55 281
55 231
55 195
55 114
55 96
55 90
56 1002
56 1001
56 1000
56 999
56 998
56 997
56 996
56 995
56 966
56 910
56 618
56 300
56 78
57 1134
57 1133
57 1132
57 1131
57 1130
57 1129
57 1128
57 1127
57 1126
57 1125
57 1044
57 939
57 911
57 900
57 894
57 889
57 821
57 817
57 697
57 459
57 424
57 408
57 233
57 230
57 228
57 221
57 141
57 67
59 1403
59 876
59 700
59 393
59 369
59 67
60 62
60 61
62 1326
62 1277
62 1062
62 751
62 468
62 240
62 214
62 70
63 64
64 917
65 66
66 880
66 879
66 878
66 785
66 684
66 639
66 469
66 379
66 193
66 192
66 191
66 190
66 187
66 140
67 70
67 69
67 68
68 1304
68 1303
68 1302
68 1278
68 1275
68 1273
68 1207
68 1192
68 1117
68 1116
68 1106
68 1069
68 1004
68 923
68 804
68 681
68 665
68 598
68 597
68 575
68 402
68 353
68 273
68 230
68 204
68 124
68 91
69 1395
69 1394
69 1393
69 1392
69 1391
69 1309
69 1139
69 1060
69 941
69 879
69 855
69 407
69 354
69 345
69 250
69 214
69 126
69 80
69 77
69 76
70 1449
70 1448
70 1111
70 1090
70 981
70 899
70 846
71 73
71 72
72 311
72 310
72 309
72 308
72 307
72 146
72 145
74 75
75 611
75 237
75 236
75 235
76 82
76 81
76 80
76 79
76 78
76 77
77 764
78 79
79 1355
79 1114
79 913
79 910
79 638
79 214
80 732
83 84
84 308
85 91
85 90
85 89
85 88
85 87
85 86
86 574
86 573
86 87
87 573
87 90
88 807
88 806
88 573
88 91
89 990
89 573
90 574
90 573
91 807
91 573
92 93
93 738
93 464
93 369
93 296
94 542
95 1228
95 1054
95 637
95 599
99 110
99 109
99 108
99 107
99 106
99 105
99 104
99 103
99 102
99 101
99 100
100 576
100 575
100 383
100 109
101 760
101 105
102 108
102 105
103 541
103 105
104 1179
104 760
105 1190
105 1189
105 1188
105 1187
105 1152
105 1068
105 1067
105 988
105 962
105 875
105 822
105 760
105 729
105 714
105 575
105 442
105 390
105 211
105 166
105 110
105 109
105 108
105 106
106 760
106 741
106 208
106 109
107 353
108 760
109 822
109 760
109 201
110 760
111 113
111 112
112 161
112 160
112 159
113 627
113 604
114 392
115 409
116 659
117 1222
117 877
120 313
120 282
120 280
121 1319
121 1231
121 1001
121 680
121 352
122 907
123 731
123 342
124 1373
124 845
125 1378
126 837
127 1256
133 1373
138 140
138 139
140 579
140 376
142 143
143 1185
143 1184
143 1183
143 892
143 664
143 596
143 442
143 391
143 371
143 292
143 224
143 158
144 146
144 145
145 1099
145 1098
145 1013
145 146
147 153
147 152
147 151
147 150
147 149
147 148
148 153
148 152
148 151
148 150
148 149
149 153
149 151
149 150
150 631
150 153
150 152
150 151
151 1010
151 153
151 152
152 462
152 204
154 155
155 1310
155 1309
155 916
155 803
155 735
155 706
155 501
155 415
155 406
155 393
155 346
155 343
155 164
156 157
157 531
157 530
157 529
157 528
157 527
157 526
157 525
157 524
157 523
157 522
157 521
157 520
157 519
157 518
157 517
157 516
157 515
157 514
157 513
157 512
157 511
157 510
157 509
157 508
157 507
157 506
157 505
157 504
157 503
157 502
157 501
157 500
157 499
157 498
157 497
157 496
157 495
157 494
157 493
157 492
157 491
157 490
157 489
157 488
157 487
157 486
157 485
157 446
157 387
157 365
157 258
157 252
157 236
157 171
157 167
159 331
161 788
162 163
163 945
164 165
168 170
168 169
169 761
170 1211
172 179
172 178
172 177
172 176
172 175
172 174
172 173
173 959
174 351
174 326
174 322
175 929
175 778
175 599
175 323
176 406
178 1347
178 349
180 182
180 181
181 599
181 551
183 184
184 362
185 186
186 1031
186 1030
186 1029
186 1028
186 1027
186 994
186 768
186 561
186 390
187 192
187 191
187 190
187 189
187 188
191 677
194 195
195 377
196 198
196 197
197 464
197 463
197 462
197 425
198 1041
199 202
199 201
199 200
201 694
201 693
201 692
203 204
204 896
204 895
204 894
204 893
204 892
204 891
204 570
204 444
204 403
204 321
205 207
205 206
206 1086
209 211
209 210
211 1107
211 1021
211 962
211 222
212 214
212 213
213 214
214 767
214 766
214 765
214 764
214 404
214 350
215 220
215 219
215 218
215 217
215 216
216 758
216 757
218 238
221 222
222 1261
222 1134
222 952
222 889
223 224
224 459
224 458
224 457
224 456
224 455
224 454
224 453
224 452
224 451
224 450
224 449
224 448
224 447
224 442
224 371
224 344
224 239
225 227
225 226
226 825
227 1266
227 1265
227 1237
227 1155
227 1145
227 1101
227 1047
227 791
227 621
229 234
229 233
229 232
229 231
229 230
230 632
230 631
230 605
235 238
235 237
235 236
236 237
238 1411
238 1410
238 1409
238 1408
238 1407
238 1406
238 1405
238 1404
238 1386
238 1302
238 1278
238 1210
238 1178
238 926
238 848
238 780
238 640
238 628
238 598
238 393
238 348
240 242
240 241
241 571
241 570
241 569
241 568
243 248
243 247
243 246
243 245
243 244
245 473
247 1346
247 1068
247 873
247 798
247 785
247 344
248 1454
250 251
251 1123
251 1122
251 1121
251 1120
251 1119
251 1118
251 1117
251 1116
251 575
251 546
251 319
252 256
252 255
252 254
252 253
253 559
253 558
253 557
254 905
255 559
257 258
259 859
259 858
259 544
260 906
261 544
266 697
266 635
267 1281
268 1223
270 949
270 635
271 272
272 1020
272 770
272 769
273 274
274 1453
274 316
274 289
275 277
275 276
276 1220
276 1219
276 1218
276 1134
276 952
276 277
277 1264
277 1220
277 1219
277 1208
277 1196
277 1186
277 1141
277 1134
277 838
277 577
277 572
278 279
279 613
279 425
279 423
280 281
281 788
281 787
281 786
283 284
284 1009
284 1008
284 1007
284 1006
284 1005
284 693
285 290
285 289
285 288
285 287
285 286
286 663
286 662
286 661
286 589
286 558
287 675
287 674
287 673
287 672
287 671
287 670
287 669
287 668
287 667
287 323
287 289
287 288
288 796
288 795
288 714
288 672
288 671
288 668
288 578
288 289
289 820
289 819
289 818
289 670
289 483
289 342
289 323
290 670
290 668
290 323
294 1343
296 299
296 298
296 297
297 299
298 299
300 304
300 303
300 302
300 301
301 534
301 533
301 532
302 910
302 909
302 680
302 352
303 1080
303 999
303 910
303 618
304 347
305 306
306 773
306 772
306 771
308 714
309 738
309 310
314 315
315 1336
315 1335
315 1334
315 1333
315 1320
315 1300
315 1283
315 1053
315 1004
315 943
315 927
315 877
315 860
315 812
315 782
315 683
315 630
315 598
315 594
315 435
316 318
316 317
317 318
319 323
319 322
319 321
319 320
320 942
320 941
320 839
320 837
320 824
320 821
321 1138
321 1137
321 1024
321 812
321 744
322 1235
322 1234
322 897
322 589
323 670
324 326
324 325
326 1060
326 670
327 329
327 328
328 329
329 709
329 708
332 333
333 1236
333 813
333 707
333 600
334 337
334 336
334 335
337 1401
337 1041
337 847
338 339
339 1306
339 1305
339 908
339 839
340 381
341 596
341 595
341 478
342 731
343 736
343 735
343 734
343 733
343 732
343 621
343 464
343 406
343 393
343 346
345 631
345 464
345 462
346 736
346 735
346 733
346 621
346 464
346 406
346 393
347 853
348 1217
348 350
350 992
350 951
351 716
351 715
352 845
352 618
353 1353
353 1349
353 759
361 1451
363 364
364 969
364 968
364 967
364 802
364 790
364 789
364 765
364 692
364 587
366 367
367 1316
367 1234
367 1232
367 861
367 423
367 380
368 369
369 993
369 631
370 371
371 445
371 444
371 443
371 442
371 441
371 440
371 439
371 438
371 437
371 424
371 392
372 375
372 374
372 373
378 379
381 833
382 383
383 432
383 431
383 430
383 429
383 428
383 427
383 415
383 386
384 385
385 1321
385 1282
385 858
388 389
389 784
389 731
393 401
393 400
393 399
393 398
393 397
393 396
393 395
393 394
399 1095
399 1094
399 1093
399 1089
400 1308
400 1307
401 635
401 582
402 403
403 652
403 651
403 543
404 407
404 406
404 405
405 1332
405 917
405 915
406 1343
406 1342
406 1062
406 734
406 621
406 579
406 501
407 1324
407 1062
407 706
409 410
411 413
411 412
413 423
414 415
416 423
416 422
416 421
416 420
416 419
416 418
416 417
418 940
422 1173
423 1284
423 1157
423 1057
423 920
423 695
423 606
423 590
424 426
424 425
425 653
426 877
433 434
434 1109
434 1108
434 1059
435 436
436 1195
436 1194
436 1135
436 609
442 854
442 791
451 853
452 1039
452 853
452 810
456 1315
456 1205
456 841
458 812
458 571
460 461
461 782
461 781
461 780
461 779
461 778
461 777
461 776
461 775
461 774
461 640
462 866
462 865
462 864
462 863
462 862
462 612
464 1372
464 1371
464 1328
464 1260
464 1151
464 970
464 706
464 704
464 621
464 556
464 555
465 468
465 467
465 466
468 1117
470 475
470 474
470 473
470 472
470 471
473 904
473 903
473 856
473 792
473 610
477 478
479 480
480 616
481 482
482 872
483 484
487 719
489 738
489 737
489 634
495 933
499 1070
505 1136
505 1070
507 625
533 1091
533 861
534 635
535 537
535 536
537 1045
537 1011
538 540
538 539
539 1023
540 741
543 544
544 1365
544 1075
544 1003
544 971
544 920
544 598
544 597
544 580
545 606
546 754
546 753
546 752
546 751
546 750
546 749
546 748
546 747
546 746
546 643
546 551
546 547
551 1288
551 1287
551 1167
551 1148
551 1081
551 1076
553 1413
553 932
554 556
554 555
555 1150
555 916
556 1289
556 916
556 768
556 734
557 1357
557 982
558 1368
558 1367
558 1366
558 938
560 561
561 623
561 622
562 564
562 563
563 677
563 676
563 592
564 691
564 690
564 689
564 570
565 567
565 566
566 978
566 882
568 951
570 1147
570 1090
570 854
570 579
573 1018
573 807
574 1175
574 1149
574 1066
575 822
575 821
576 1096
578 579
579 1015
579 693
581 583
581 582
582 1024
582 980
582 898
584 586
584 585
585 683
586 683
588 590
588 589
589 799
590 1374
590 1131
591 592
595 1102
597 599
597 598
598 599
599 1302
599 1273
599 1161
599 855
599 740
599 653
600 601
601 1239
601 1200
601 964
602 603
603 956
603 955
603 954
603 839
603 690
606 1208
606 1191
606 1032
606 1019
606 1010
606 934
606 693
607 609
607 608
609 1135
613 615
613 614
614 1052
614 1051
616 1399
616 1398
616 1297
617 619
617 618
618 981
618 619
620 621
621 1083
621 1082
621 706
624 626
624 625
625 890
628 630
628 629
629 871
629 870
630 1090
632 1370
632 1369
632 1160
632 920
633 635
633 634
634 1348
634 1034
634 695
635 1383
635 1382
635 1381
635 1167
635 821
635 685
635 639
636 637
637 1341
637 1325
637 1209
640 642
640 641
644 650
644 649
644 648
644 647
644 646
644 645
645 721
645 720
645 646
646 976
646 975
646 721
646 720
651 756
651 755
651 665
653 655
653 654
656 1041
657 658
658 1193
661 665
665 666
667 730
668 885
668 884
668 883
668 882
668 796
671 673
672 795
672 675
677 1390
677 1389
677 1388
677 1387
679 682
679 681
679 680
680 1259
680 1206
680 1055
684 685
685 854
685 853
685 770
686 688
686 687
687 1271
688 1181
688 930
688 905
689 1077
690 1070
691 1400
692 790
693 958
693 957
693 821
693 804
693 701
694 1284
694 1096
694 920
695 697
695 696
696 1204
697 1344
697 997
698 700
698 699
700 1155
702 703
703 1036
703 1035
703 855
704 706
704 705
707 708
708 1452
708 712
708 711
708 709
709 713
709 712
709 711
709 710
714 718
714 717
714 716
714 715
715 853
715 716
719 783
720 721
722 723
723 1030
725 1202
727 728
728 943
731 1345
732 1114
733 1311
733 1037
733 881
734 1182
734 1056
735 961
737 1212
738 1280
738 1279
738 1278
738 1277
738 858
739 740
741 743
741 742
744 745
750 1294
750 1293
750 1292
750 1291
751 1297
753 1258
753 755
757 1100
757 758
758 1100
760 876
760 875
762 763
763 975
764 835
769 770
773 1360
773 1359
773 826
778 928
780 1236
789 791
789 790
790 805
790 804
790 803
790 802
791 844
791 843
792 794
792 793
793 794
794 1327
795 817
796 826
797 798
798 1312
798 857
799 801
799 800
800 1074
800 1073
800 1072
800 1071
800 975
804 1314
807 1078
808 810
808 809
810 1039
811 812
812 1227
812 1226
812 1167
814 815
815 899
815 898
816 817
821 872
823 829
823 828
823 827
823 826
823 825
823 824
824 837
824 836
825 887
827 1018
828 1164
830 832
830 831
831 1088
831 1087
834 835
837 1418
837 1417
837 1291
837 1240
837 1164
839 840
841 842
842 1104
845 852
845 851
845 850
845 849
845 848
845 847
845 846
848 1343
849 1378
849 945
853 888
854 1238
864 1323
864 1322
867 869
867 868
871 1157
872 1169
872 928
873 874
874 1103
876 1351
876 1090
876 978
876 948
876 947
876 946
876 945
877 1017
877 1016
879 1154
882 885
883 1153
883 989
899 1323
900 902
900 901
901 1110
901 902
902 1110
904 1362
904 1226
905 1267
913 915
914 944
914 916
915 1263
916 1140
916 917
917 1150
917 1062
919 920
920 1337
921 924
921 923
921 922
922 926
922 923
923 1313
923 925
923 924
925 926
926 1313
928 929
929 1170
931 932
932 1274
932 1271
932 1049
932 1040
933 1416
933 1415
933 1414
933 1291
935 938
935 937
935 936
941 1396
945 949
945 948
945 947
945 946
946 948
946 947
947 948
950 951
951 1281
952 953
957 958
959 1396
960 961
961 1377
963 965
963 964
972 973
973 1318
974 975
975 1361
975 1354
975 1007
977 978
978 1012
979 980
981 1450
981 1115
981 999
982 987
982 986
982 985
982 984
982 983
991 992
992 1089
992 1046
993 1447
993 1446
993 1445
1001 1290
1001 1262
1007 1096
1021 1022
1024 1324
1024 1155
1024 1138
1025 1026
1026 1164
1026 1087
1028 1230
1030 1233
1034 1079
1035 1317
1035 1163
1041 1251
1041 1250
1041 1249
1041 1248
1041 1247
1041 1246
1041 1245
1041 1244
1041 1243
1041 1242
1041 1241
1041 1240
1041 1239
1041 1221
1041 1079
1042 1043
1048 1049
1052 1176
1058 1059
1059 1103
1060 1062
1060 1061
1061 1197
1063 1066
1063 1065
1063 1064
1064 1139
1065 1229
1066 1174
1070 1203
1073 1455
1085 1086
1090 1181
1111 1113
1111 1112
1114 1115
1119 1160
1119 1159
1120 1402
1136 1285
1136 1142
1142 1144
1142 1143
1148 1149
1149 1443
1149 1442
1149 1441
1149 1440
1149 1439
1149 1438
1149 1437
1149 1436
1149 1376
1155 1299
1155 1298
1157 1330
1157 1329
1157 1221
1159 1160
1162 1163
1163 1269
1163 1268
1165 1166
1168 1169
1171 1173
1171 1172
1172 1180
1174 1175
1177 1178
1180 1301
1193 1213
1197 1199
1197 1198
1200 1201
1214 1216
1214 1215
1223 1225
1223 1224
1252 1253
1253 1285
1254 1257
1254 1256
1254 1255
1255 1257
1255 1256
1256 1331
1257 1352
1272 1273
1273 1286
1275 1276
1277 1364
1277 1363
1285 1432
1285 1431
1285 1430
1285 1429
1285 1428
1285 1427
1285 1426
1285 1425
1285 1424
1285 1423
1285 1422
1291 1339
1291 1338
1291 1324
1317 1318
1318 1421
1318 1420
1318 1419
1318 1350
1322 1340
1323 1412
1323 1391
1338 1444
1338 1417
1343 1376
1343 1375
1343 1356
1360 1446
1369 1380
1369 1378
1370 1435
1370 1434
1370 1433
1378 1379
1383 1384
1396 1397
1455 1457
1455 1456