1458
0 70
1 567
2 278
3 259
4 641
5 1333
6 728
7 514
8 430
9 869
10 1101
11 1283
12 1123
13 1395
14 345
15 1366
16 854
17 943
18 1430
19 1230
20 361
21 900
22 1201
23 138
24 1151
25 1393
26 1187
27 511
28 1385
29 299
30 236
31 51
32 1255
33 561
34 321
35 1184
36 1100
37 698
38 296
39 1130
40 275
41 1064
42 604
43 523
44 737
45 155
46 99
47 1446
48 918
49 273
50 983
51 1152
52 267
53 315
54 721
55 865
56 773
57 755
58 742
59 954
60 1423
61 242
62 661
63 723
64 948
65 597
66 1002
67 244
68 972
69 168
70 1356
71 212
72 1245
73 427
74 1029
75 580
76 465
77 817
78 357
79 1355
80 598
81 774
82 870
83 189
84 789
85 1202
86 111
87 768
88 693
89 1285
90 828
91 1252
92 452
93 864
94 1384
95 81
96 198
97 672
98 919
99 1403
100 652
101 181
102 1296
103 1215
104 249
105 167
106 881
107 1437
108 301
109 903
110 1063
111 1114
112 1396
113 1420
114 615
115 1106
116 783
117 729
118 1127
119 715
120 595
121 90
122 1334
123 1336
124 232
125 1159
126 1287
127 142
128 1044
129 374
130 1225
131 642
132 215
133 335
134 1124
135 814
136 422
137 1262
138 223
139 41
140 707
141 961
142 754
143 524
144 129
145 238
146 1056
147 1049
148 1093
149 784
150 435
151 851
152 287
153 1084
154 1067
155 1350
156 1274
157 855
158 38
159 239
160 964
161 169
162 330
163 883
164 1072
165 82
166 342
167 128
168 691
169 581
170 1167
171 1195
172 509
173 389
174 634
175 660
176 665
177 1118
178 1371
179 718
180 685
181 1278
182 1160
183 1186
184 337
185 939
186 213
187 54
188 265
189 1062
190 1424
191 1433
192 569
193 879
194 475
195 480
196 284
197 973
198 1146
199 932
200 1028
201 810
202 216
203 969
204 1017
205 673
206 248
207 950
208 100
209 308
210 585
211 323
212 1331
213 1047
214 463
215 962
216 1239
217 58
218 30
219 526
220 745
221 674
222 782
223 1113
224 417
225 438
226 739
227 1317
228 1008
229 199
230 545
231 643
232 1041
233 559
234 486
235 1406
236 71
237 1207
238 1032
239 1295
240 184
241 102
242 1180
243 1074
244 862
245 662
246 1092
247 1318
248 130
249 443
250 833
251 761
252 1240
253 1438
254 498
255 36
256 1209
257 796
258 311
259 781
260 1133
261 86
262 1191
263 1229
264 1013
265 48
266 1363
267 1176
268 1425
269 1448
270 437
271 1374
272 297
273 837
274 713
275 64
276 889
277 1009
278 608
279 848
280 849
281 1410
282 1309
283 847
284 1387
285 1397
286 1197
287 1340
288 1059
289 606
290 175
291 397
292 219
293 132
294 853
295 591
296 730
297 1312
298 898
299 1445
300 200
301 1357
302 937
303 14
304 211
305 144
306 740
307 243
308 190
309 395
310 406
311 336
312 312
313 590
314 515
315 390
316 1276
317 164
318 614
319 496
320 1365
321 263
322 12
323 162
324 209
325 252
326 18
327 644
328 241
329 915
330 125
331 1039
332 402
333 1338
334 920
335 775
336 217
337 79
338 108
339 1302
340 120
341 1053
342 732
343 156
344 1073
345 804
346 403
347 916
348 72
349 1065
350 1452
351 104
352 1348
353 816
354 318
355 42
356 759
357 0
358 131
359 502
360 385
361 294
362 324
363 356
364 1226
365 501
366 1354
367 1212
368 1094
369 76
370 654
371 377
372 683
373 1368
374 214
375 766
376 874
377 565
378 21
379 1432
380 270
381 528
382 466
383 909
384 237
385 444
386 619
387 482
388 1335
389 575
390 1232
391 360
392 1054
393 1246
394 140
395 1166
396 748
397 307
398 538
399 288
400 599
401 670
402 891
403 517
404 1206
405 460
406 462
407 1443
408 1217
409 750
410 1111
411 831
412 1221
413 1386
414 67
415 1012
416 228
417 1120
418 970
419 1342
420 439
421 821
422 1272
423 165
424 519
425 602
426 552
427 489
428 832
429 836
430 690
431 365
432 1257
433 579
434 75
435 494
436 205
437 1023
438 702
439 173
440 451
441 39
442 675
443 166
444 756
445 885
446 434
447 61
448 659
449 623
450 867
451 257
452 332
453 329
454 975
455 592
456 137
457 415
458 97
459 564
460 43
461 611
462 274
463 247
464 1332
465 1189
466 871
467 1192
468 997
469 1330
470 1148
471 182
472 617
473 34
474 558
475 9
476 1109
477 233
478 927
479 429
480 107
481 912
482 150
483 601
484 1162
485 1456
486 4
487 1136
488 586
489 295
490 866
491 857
492 447
493 793
494 1163
495 293
496 326
497 157
498 1345
499 733
500 1428
501 1182
502 1048
503 251
504 240
505 78
506 1258
507 1070
508 1308
509 393
510 1082
511 29
512 7
513 940
514 407
515 309
516 1409
517 408
518 185
519 753
520 583
521 63
522 160
523 1140
524 1434
525 218
526 272
527 392
528 1343
529 1203
530 1235
531 884
532 551
533 119
534 956
535 1324
536 1222
537 380
538 112
539 55
540 1170
541 495
542 1031
543 5
544 50
545 1244
546 1098
547 376
548 1083
549 1236
550 574
551 472
552 379
553 1213
554 77
555 593
556 269
557 992
558 703
559 10
560 899
561 1426
562 510
563 204
564 647
565 790
566 53
567 1268
568 478
569 1407
570 749
571 1198
572 1102
573 220
574 60
575 92
576 316
577 696
578 52
579 549
580 1121
581 929
582 922
583 313
584 1402
585 671
586 303
587 136
588 1352
589 594
590 74
591 982
592 366
593 622
594 998
595 1211
596 346
597 1455
598 974
599 158
600 1223
601 791
602 1289
603 1457
604 1311
605 458
606 771
607 364
608 697
609 840
610 632
611 1362
612 88
613 1220
614 667
615 819
616 1188
617 409
618 1116
619 281
620 629
621 521
622 1214
623 1208
624 1112
625 1001
626 1341
627 576
628 880
629 1068
630 317
631 350
632 716
633 180
634 1266
635 1181
636 861
637 1110
638 1010
639 646
640 1024
641 1145
642 635
643 73
644 757
645 1115
646 613
647 1431
648 84
649 684
650 161
651 577
652 746
653 89
654 197
655 764
656 1075
657 627
658 563
659 923
660 359
661 822
662 126
663 971
664 340
665 178
666 1298
667 457
668 965
669 116
670 123
671 1439
672 533
673 1306
674 872
675 709
676 1038
677 1381
678 381
679 812
680 1078
681 193
682 1126
683 914
684 1194
685 1404
686 787
687 518
688 1377
689 770
690 339
691 266
692 944
693 677
694 988
695 695
696 1161
697 1299
698 543
699 110
700 15
701 98
702 1247
703 196
704 1043
705 145
706 1399
707 394
708 421
709 106
710 227
711 829
712 469
713 692
714 904
715 763
716 1316
717 87
718 1364
719 560
720 139
721 80
722 1086
723 845
724 19
725 314
726 530
727 1168
728 1155
729 1440
730 1337
731 445
732 1307
733 846
734 624
735 1349
736 1405
737 170
738 62
739 485
740 229
741 719
742 474
743 1042
744 834
745 1014
746 779
747 1267
748 49
749 441
750 305
751 1089
752 505
753 152
754 1422
755 432
756 1175
757 679
758 609
759 65
760 1254
761 413
762 328
763 1004
764 186
765 945
766 425
767 537
768 473
769 649
770 1238
771 1150
772 910
773 584
774 290
775 938
776 261
777 550
778 981
779 544
780 1085
781 686
782 653
783 953
784 118
785 905
786 1398
787 1327
788 897
789 1392
790 694
791 844
792 527
793 231
794 890
795 127
796 404
797 1147
798 1060
799 455
800 499
801 1131
802 1034
803 1277
804 1144
805 995
806 1079
807 1018
808 1080
809 1157
810 639
811 1376
812 553
813 1003
814 453
815 542
816 1117
817 540
818 536
819 1394
820 887
821 1020
822 398
823 24
824 420
825 792
826 760
827 91
828 1416
829 555
830 1125
831 25
832 320
833 159
834 735
835 1071
836 951
837 442
838 947
839 133
840 680
841 27
842 93
843 96
844 194
845 59
846 83
847 724
848 967
849 1122
850 925
851 850
852 704
853 976
854 610
855 1179
856 344
857 414
858 195
859 958
860 726
861 1007
862 1382
863 254
864 1107
865 1259
866 820
867 1000
868 1411
869 1436
870 163
871 493
872 174
873 177
874 710
875 901
876 1190
877 743
878 492
879 1224
880 1415
881 282
882 772
883 1134
884 23
885 1293
886 578
887 1305
888 605
889 1132
890 882
891 705
892 1087
893 210
894 192
895 960
896 968
897 508
898 522
899 878
900 347
901 202
902 13
903 688
904 115
905 1358
906 253
907 1036
908 892
909 681
910 762
911 843
912 1051
913 426
914 806
915 349
916 31
917 985
918 1069
919 352
920 258
921 645
922 264
923 797
924 959
925 203
926 1143
927 994
928 1427
929 856
930 424
931 535
932 999
933 809
934 1294
935 1234
936 423
937 504
938 1129
939 497
940 873
941 1021
942 529
943 626
944 700
945 436
946 1269
947 289
948 1142
949 268
950 765
951 262
952 1045
953 85
954 548
955 895
956 226
957 45
958 1016
959 805
960 934
961 955
962 534
963 516
964 717
965 322
966 201
967 1153
968 1279
969 1303
970 1081
971 990
972 888
973 187
974 827
975 22
976 1205
977 725
978 1137
979 738
980 933
981 1193
982 57
983 176
984 470
985 1253
986 941
987 234
988 391
989 931
990 842
991 1322
992 620
993 1057
994 1290
995 256
996 589
997 1141
998 481
999 1119
1000 687
1001 386
1002 616
1003 1174
1004 786
1005 396
1006 260
1007 655
1008 815
1009 1128
1010 562
1011 1412
1012 785
1013 1313
1014 1375
1015 479
1016 1383
1017 980
1018 382
1019 1027
1020 663
1021 758
1022 875
1023 1216
1024 334
1025 149
1026 1183
1027 795
1028 952
1029 917
1030 603
1031 712
1032 1210
1033 1035
1034 66
1035 1372
1036 1149
1037 803
1038 1270
1039 859
1040 618
1041 987
1042 1050
1043 835
1044 570
1045 788
1046 56
1047 752
1048 375
1049 40
1050 6
1051 996
1052 1135
1053 461
1054 928
1055 11
1056 722
1057 946
1058 668
1059 556
1060 706
1061 207
1062 777
1063 1444
1064 1450
1065 440
1066 631
1067 33
1068 802
1069 1052
1070 1265
1071 1256
1072 1040
1073 222
1074 966
1075 1139
1076 399
1077 1326
1078 8
1079 714
1080 286
1081 957
1082 1006
1083 401
1084 134
1085 1104
1086 571
1087 1418
1088 979
1089 388
1090 993
1091 736
1092 744
1093 823
1094 255
1095 135
1096 1346
1097 727
1098 1419
1099 566
1100 532
1101 250
1102 1300
1103 387
1104 1441
1105 1250
1106 930
1107 573
1108 1328
1109 908
1110 1251
1111 1353
1112 825
1113 650
1114 651
1115 669
1116 839
1117 103
1118 830
1119 596
1120 1025
1121 1325
1122 747
1123 1286
1124 1291
1125 351
1126 877
1127 371
1128 711
1129 32
1130 896
1131 541
1132 235
1133 353
1134 148
1135 525
1136 114
1137 246
1138 699
1139 838
1140 811
1141 799
1142 383
1143 245
1144 1310
1145 1367
1146 26
1147 638
1148 17
1149 1442
1150 1227
1151 225
1152 400
1153 876
1154 1046
1155 588
1156 963
1157 986
1158 1389
1159 378
1160 808
1161 546
1162 280
1163 780
1164 292
1165 1200
1166 341
1167 291
1168 989
1169 607
1170 363
1171 113
1172 477
1173 1058
1174 907
1175 1248
1176 860
1177 657
1178 868
1179 1088
1180 572
1181 554
1182 648
1183 1413
1184 333
1185 1022
1186 636
1187 1292
1188 824
1189 143
1190 1380
1191 600
1192 776
1193 1228
1194 1301
1195 147
1196 682
1197 433
1198 454
1199 319
1200 858
1201 1273
1202 1451
1203 637
1204 325
1205 813
1206 731
1207 640
1208 1076
1209 1108
1210 1263
1211 1388
1212 503
1213 1030
1214 1320
1215 1449
1216 172
1217 1154
1218 338
1219 1401
1220 1297
1221 484
1222 428
1223 1055
1224 1408
1225 348
1226 20
1227 539
1228 1019
1229 656
1230 306
1231 230
1232 35
1233 491
1234 1454
1235 1242
1236 942
1237 1347
1238 151
1239 1329
1240 1284
1241 327
1242 894
1243 520
1244 1288
1245 1417
1246 488
1247 362
1248 405
1249 1429
1250 547
1251 1169
1252 1339
1253 1178
1254 1199
1255 1005
1256 512
1257 94
1258 206
1259 741
1260 798
1261 354
1262 412
1263 277
1264 411
1265 678
1266 913
1267 1319
1268 153
1269 676
1270 1156
1271 720
1272 1091
1273 1
1274 1414
1275 507
1276 300
1277 826
1278 906
1279 587
1280 271
1281 800
1282 16
1283 418
1284 105
1285 991
1286 926
1287 984
1288 450
1289 355
1290 1033
1291 171
1292 44
1293 1097
1294 449
1295 1369
1296 1066
1297 949
1298 977
1299 794
1300 621
1301 557
1302 369
1303 1261
1304 1096
1305 689
1306 95
1307 1351
1308 886
1309 146
1310 664
1311 666
1312 490
1313 1447
1314 456
1315 1359
1316 1158
1317 310
1318 1391
1319 331
1320 410
1321 124
1322 500
1323 416
1324 188
1325 1177
1326 141
1327 1090
1328 893
1329 1172
1330 419
1331 1105
1332 568
1333 921
1334 459
1335 513
1336 1275
1337 476
1338 1196
1339 468
1340 769
1341 924
1342 302
1343 37
1344 1370
1345 1378
1346 630
1347 1323
1348 1171
1349 1271
1350 1061
1351 122
1352 1379
1353 1373
1354 1164
1355 1281
1356 101
1357 370
1358 47
1359 1361
1360 818
1361 1321
1362 179
1363 767
1364 751
1365 1219
1366 304
1367 28
1368 1390
1369 154
1370 1243
1371 1231
1372 708
1373 1011
1374 467
1375 1435
1376 863
1377 109
1378 487
1379 1204
1380 46
1381 69
1382 1314
1383 471
1384 1173
1385 285
1386 1241
1387 1360
1388 283
1389 935
1390 372
1391 3
1392 224
1393 902
1394 1280
1395 368
1396 1260
1397 1103
1398 852
1399 1037
1400 1315
1401 279
1402 1077
1403 1138
1404 1026
1405 807
1406 448
1407 2
1408 1233
1409 117
1410 1400
1411 431
1412 121
1413 1282
1414 625
1415 221
1416 801
1417 1344
1418 68
1419 1264
1420 483
1421 298
1422 446
1423 1095
1424 1218
1425 1185
1426 633
1427 701
1428 936
1429 841
1430 734
1431 1453
1432 582
1433 978
1434 464
1435 531
1436 1249
1437 612
1438 276
1439 1237
1440 191
1441 658
1442 367
1443 1015
1444 358
1445 911
1446 208
1447 628
1448 1421
1449 1165
1450 1304
1451 384
1452 373
1453 183
1454 343
1455 506
1456 778
1457 1099