6474
0 2880
1 5347
2 5170
3 5760
4 3867
5 91
6 4290
7 580
8 814
9 301
10 6420
11 2172
12 2651
13 188
14 3258
15 3306
16 293
17 2672
18 1065
19 1015
20 4060
21 4884
22 4228
23 4390
24 6121
25 164
26 1354
27 663
28 4924
29 314
30 914
31 5758
32 5055
33 4694
34 4887
35 5833
36 2050
37 1664
38 1044
39 302
40 3423
41 3252
42 1486
43 6179
44 1198
45 916
46 6160
47 5471
48 4600
49 2692
50 1853
51 3288
52 581
53 3908
54 711
55 287
56 4374
57 4993
58 1474
59 3997
60 5788
61 252
62 1578
63 1464
64 4569
65 2549
66 1156
67 1174
68 1229
69 2759
70 6170
71 1104
72 918
73 1582
74 4947
75 5644
76 4665
77 5571
78 3709
79 28
80 3720
81 2344
82 3491
83 1482
84 2517
85 2936
86 1324
87 5516
88 3660
89 5122
90 5339
91 4458
92 2796
93 2060
94 3764
95 1114
96 2234
97 975
98 3086
99 1418
100 3822
101 3157
102 2711
103 1339
104 3941
105 3969
106 4830
107 3299
108 332
109 1249
110 4896
111 909
112 496
113 3209
114 4358
115 4860
116 1230
117 706
118 4785
119 4618
120 3675
121 2681
122 3435
123 1903
124 3019
125 1303
126 3455
127 5544
128 6318
129 3793
130 224
131 3023
132 695
133 17
134 6448
135 4866
136 504
137 3472
138 3432
139 5547
140 4485
141 2312
142 950
143 3833
144 549
145 6443
146 5470
147 4800
148 6385
149 4714
150 5507
151 73
152 4507
153 2834
154 2816
155 1679
156 5904
157 4982
158 3564
159 3972
160 3551
161 2233
162 3791
163 3437
164 2815
165 2459
166 4433
167 3737
168 942
169 4753
170 4102
171 3298
172 690
173 3666
174 1038
175 3020
176 3108
177 5401
178 4380
179 5861
180 842
181 179
182 4489
183 988
184 2260
185 2720
186 4448
187 3346
188 2445
189 253
190 3478
191 598
192 4490
193 1950
194 4198
195 1052
196 3459
197 913
198 3161
199 5428
200 6097
201 5456
202 5599
203 4508
204 542
205 3024
206 5717
207 5406
208 1832
209 6124
210 3648
211 6308
212 5870
213 1002
214 3065
215 768
216 2319
217 4006
218 2018
219 4126
220 2935
221 5821
222 5580
223 5294
224 5300
225 2946
226 25
227 6014
228 1148
229 5311
230 199
231 6176
232 1515
233 6425
234 3364
235 597
236 6182
237 6255
238 1010
239 1191
240 2055
241 1271
242 4958
243 1197
244 4422
245 1401
246 2426
247 1219
248 4435
249 5215
250 5555
251 5685
252 4129
253 5886
254 278
255 2274
256 6020
257 4081
258 4658
259 3120
260 4815
261 345
262 2609
263 4959
264 1865
265 6005
266 4162
267 895
268 4497
269 5661
270 777
271 3482
272 5563
273 4820
274 4858
275 4254
276 471
277 5963
278 1754
279 4932
280 4472
281 1745
282 754
283 5279
284 6062
285 2635
286 647
287 4576
288 6459
289 1827
290 4680
291 110
292 3515
293 4120
294 1185
295 4657
296 1930
297 1878
298 4728
299 6025
300 2034
301 822
302 101
303 1814
304 3151
305 3250
306 2473
307 6437
308 1608
309 3982
310 5461
311 1490
312 4322
313 4758
314 5488
315 762
316 2607
317 3126
318 2367
319 2200
320 1508
321 943
322 4643
323 1789
324 1330
325 2792
326 456
327 445
328 1726
329 2840
330 4149
331 5527
332 1985
333 907
334 892
335 4103
336 3900
337 820
338 5334
339 839
340 4934
341 2000
342 5670
343 5735
344 664
345 2212
346 1177
347 3580
348 3078
349 4128
350 2078
351 207
352 2029
353 1644
354 477
355 2085
356 6230
357 509
358 6197
359 4639
360 2897
361 1632
362 1573
363 1204
364 356
365 5391
366 6301
367 6155
368 4124
369 4089
370 4962
371 3582
372 4097
373 6091
374 917
375 4978
376 4663
377 946
378 2956
379 3504
380 389
381 5927
382 3601
383 3469
384 3890
385 7
386 288
387 5275
388 821
389 1969
390 503
391 1629
392 3189
393 2040
394 5968
395 5931
396 5267
397 6256
398 3453
399 4513
400 1775
401 3242
402 5530
403 5882
404 463
405 1956
406 4186
407 2114
408 4464
409 4509
410 2336
411 6129
412 2504
413 5285
414 2702
415 408
416 1911
417 3148
418 688
419 1737
420 6192
421 5027
422 576
423 3775
424 1907
425 5422
426 4922
427 4928
428 3507
429 5822
430 1201
431 5126
432 6364
433 884
434 2767
435 1366
436 2064
437 2858
438 415
439 1791
440 5939
441 1450
442 3061
443 6117
444 4300
445 4582
446 4417
447 6007
448 5491
449 1633
450 2506
451 3297
452 166
453 2092
454 3798
455 5737
456 3304
457 5438
458 4802
459 3763
460 3881
461 3542
462 3944
463 311
464 4278
465 4952
466 441
467 3326
468 3486
469 33
470 169
471 2182
472 4407
473 3820
474 108
475 635
476 3664
477 451
478 4338
479 5316
480 1438
481 1357
482 2331
483 3348
484 1160
485 26
486 5001
487 756
488 466
489 6387
490 2654
491 1639
492 4397
493 944
494 4009
495 1023
496 2921
497 2616
498 4430
499 2059
500 2922
501 1685
502 725
503 923
504 4646
505 1266
506 6419
507 5651
508 5727
509 2783
510 4817
511 225
512 4287
513 3125
514 1372
515 2073
516 3887
517 4829
518 1419
519 5412
520 548
521 2532
522 599
523 5426
524 2940
525 2947
526 2806
527 4207
528 3661
529 237
530 4841
531 2304
532 3493
533 6470
534 5933
535 476
536 2108
537 4609
538 3488
539 6174
540 4431
541 817
542 961
543 4537
544 6278
545 5999
546 5012
547 258
548 2851
549 2608
550 6041
551 3885
552 5344
553 1235
554 2297
555 2470
556 4428
557 6314
558 2076
559 6235
560 2179
561 2755
562 4100
563 5011
564 254
565 4861
566 5639
567 780
568 48
569 2438
570 1872
571 5769
572 4276
573 2556
574 3575
575 2086
576 3559
577 1741
578 2845
579 6426
580 3315
581 2688
582 5608
583 6375
584 429
585 5699
586 4310
587 1968
588 794
589 5451
590 4964
591 1645
592 5873
593 6384
594 5381
595 1121
596 5636
597 505
598 5482
599 1213
600 3524
601 4354
602 2771
603 3062
604 5854
605 3804
606 5050
607 2302
608 3823
609 2296
610 4747
611 452
612 4903
613 1404
614 3211
615 6015
616 3007
617 1662
618 2471
619 2045
620 230
621 2600
622 2929
623 5200
624 1387
625 2785
626 262
627 4014
628 1881
629 5595
630 2924
631 2705
632 5283
633 6180
634 2228
635 5996
636 971
637 1710
638 3567
639 4769
640 728
641 4045
642 3314
643 5464
644 2730
645 3310
646 758
647 6166
648 397
649 3697
650 3785
651 421
652 5990
653 4373
654 1345
655 5151
656 6254
657 2418
658 1510
659 2646
660 2246
661 493
662 4212
663 3372
664 2918
665 2612
666 2255
667 5979
668 60
669 959
670 4589
671 2697
672 2208
673 3874
674 3084
675 2883
676 4712
677 803
678 4634
679 1599
680 3179
681 3991
682 2227
683 1196
684 6030
685 1946
686 484
687 704
688 1497
689 2770
690 3569
691 5492
692 1511
693 3116
694 4849
695 4931
696 4296
697 2670
698 6095
699 3106
700 5103
701 2095
702 2406
703 3236
704 1527
705 5744
706 5956
707 5163
708 3537
709 1493
710 6383
711 1520
712 969
713 1424
714 3131
715 2310
716 2827
717 5752
718 462
719 1995
720 4201
721 3602
722 5591
723 3502
724 1136
725 3604
726 1659
727 430
728 1255
729 3043
730 2862
731 6229
732 5206
733 329
734 1325
735 120
736 3418
737 4556
738 4553
739 511
740 2656
741 2551
742 2959
743 528
744 1670
745 5139
746 1099
747 5444
748 6037
749 5804
750 1551
751 6068
752 4681
753 2752
754 352
755 5016
756 6125
757 5559
758 454
759 2267
760 3199
761 1188
762 6440
763 3075
764 1749
765 3809
766 175
767 3188
768 448
769 4873
770 4737
771 4929
772 5467
773 5970
774 2262
775 4812
776 2236
777 5757
778 579
779 370
780 275
781 5113
782 3262
783 4136
784 3593
785 746
786 5324
787 989
788 5623
789 5928
790 84
791 5797
792 4308
793 2
794 3670
795 6291
796 2661
797 377
798 3946
799 5038
800 2879
801 986
802 248
803 5985
804 6358
805 3001
806 3097
807 3512
808 3510
809 1429
810 1124
811 4615
812 702
813 2440
814 4227
815 675
816 3869
817 3976
818 5450
819 6323
820 219
821 2706
822 6123
823 1110
824 5562
825 208
826 3951
827 5524
828 861
829 1657
830 5043
831 2069
832 6411
833 176
834 734
835 1358
836 1074
837 2237
838 6006
839 1940
840 4570
841 1601
842 4936
843 2137
844 3563
845 2432
846 1199
847 2105
848 330
849 1778
850 4303
851 1534
852 4547
853 2569
854 4206
855 5830
856 2611
857 4412
858 3272
859 461
860 6449
861 6195
862 3910
863 6148
864 3208
865 209
866 4466
867 1773
868 3519
869 1138
870 5581
871 3517
872 2062
873 5594
874 545
875 2498
876 4966
877 2495
878 2866
879 4439
880 5177
881 796
882 1774
883 6462
884 584
885 2199
886 4825
887 6406
888 3730
889 3451
890 1605
891 2193
892 3912
893 4425
894 3235
895 1243
896 5297
897 1630
898 4516
899 5440
900 4419
901 3290
902 236
903 906
904 5805
905 38
906 284
907 2263
908 3175
909 4053
910 2892
911 620
912 361
913 483
914 1616
915 766
916 411
917 178
918 5054
919 1439
920 2451
921 4716
922 4854
923 6463
924 1063
925 1410
926 5147
927 2027
928 1162
929 4522
930 3522
931 2528
932 5093
933 3231
934 4384
935 955
936 4994
937 733
938 4645
939 4403
940 4312
941 1637
942 5273
943 4351
944 666
945 2595
946 213
947 3159
948 531
949 3556
950 2122
951 5887
952 112
953 3441
954 4579
955 4041
956 3615
957 925
958 3099
959 6292
960 589
961 5431
962 2104
963 1238
964 1172
965 3528
966 2340
967 4049
968 1756
969 987
970 2230
971 1167
972 5393
973 5357
974 1958
975 1441
976 6047
977 1395
978 5280
979 1742
980 1100
981 6454
982 369
983 3334
984 2420
985 659
986 1984
987 1228
988 588
989 547
990 5848
991 14
992 3746
993 1342
994 529
995 3765
996 1970
997 3129
998 6288
999 6414
1000 3319
1001 5862
1002 5965
1003 1502
1004 4137
1005 5385
1006 3689
1007 2925
1008 3219
1009 4627
1010 628
1011 1714
1012 5678
1013 5650
1014 6244
1015 3945
1016 6273
1017 141
1018 4046
1019 4886
1020 2957
1021 760
1022 929
1023 902
1024 888
1025 1307
1026 2191
1027 5545
1028 2514
1029 5791
1030 2035
1031 4211
1032 5181
1033 5540
1034 238
1035 407
1036 1673
1037 729
1038 2247
1039 2107
1040 5585
1041 2465
1042 3501
1043 192
1044 5673
1045 3813
1046 2279
1047 6352
1048 5006
1049 1777
1050 1448
1051 1353
1052 3920
1053 5953
1054 4950
1055 5251
1056 4532
1057 2121
1058 863
1059 148
1060 1537
1061 482
1062 838
1063 5274
1064 6104
1065 2674
1066 1547
1067 1362
1068 3959
1069 3277
1070 629
1071 5243
1072 22
1073 3632
1074 4668
1075 5199
1076 3866
1077 748
1078 2411
1079 2033
1080 1952
1081 4748
1082 3053
1083 6033
1084 2306
1085 5975
1086 5734
1087 2847
1088 63
1089 1059
1090 4010
1091 159
1092 2244
1093 5111
1094 4831
1095 3990
1096 611
1097 6460
1098 871
1099 177
1100 5087
1101 3016
1102 4304
1103 2801
1104 6219
1105 3293
1106 154
1107 5984
1108 2387
1109 4077
1110 3344
1111 3135
1112 398
1113 1816
1114 582
1115 2813
1116 3868
1117 3247
1118 4079
1119 3998
1120 4371
1121 2723
1122 122
1123 4810
1124 5469
1125 788
1126 2667
1127 799
1128 312
1129 1717
1130 513
1131 2180
1132 5518
1133 3928
1134 3744
1135 2738
1136 2378
1137 3663
1138 4487
1139 2091
1140 676
1141 2224
1142 4068
1143 1902
1144 2629
1145 1978
1146 3901
1147 5463
1148 1344
1149 4689
1150 3861
1151 3779
1152 4266
1153 4239
1154 1919
1155 5534
1156 3547
1157 53
1158 2184
1159 3273
1160 2638
1161 2106
1162 5320
1163 3914
1164 1398
1165 2872
1166 6351
1167 2846
1168 4905
1169 3583
1170 2814
1171 6243
1172 427
1173 4331
1174 1036
1175 410
1176 5493
1177 4662
1178 5762
1179 3624
1180 3545
1181 4196
1182 6023
1183 6216
1184 4983
1185 4638
1186 5373
1187 1852
1188 3222
1189 3974
1190 3682
1191 4970
1192 401
1193 229
1194 2386
1195 4159
1196 2931
1197 6363
1198 3543
1199 4550
1200 3363
1201 507
1202 2270
1203 1523
1204 3233
1205 6257
1206 5785
1207 1008
1208 2350
1209 3322
1210 277
1211 2044
1212 1381
1213 5417
1214 1972
1215 4840
1216 4666
1217 2645
1218 1615
1219 4738
1220 6461
1221 6213
1222 2443
1223 5905
1224 4465
1225 5069
1226 2822
1227 2140
1228 3012
1229 5321
1230 4288
1231 6305
1232 1957
1233 4863
1234 3978
1235 3977
1236 1651
1237 5746
1238 3371
1239 2261
1240 4405
1241 3386
1242 2162
1243 4989
1244 409
1245 5779
1246 2342
1247 2652
1248 6086
1249 520
1250 2183
1251 2254
1252 851
1253 793
1254 3434
1255 928
1256 373
1257 158
1258 4667
1259 6265
1260 790
1261 4655
1262 285
1263 6072
1264 3986
1265 877
1266 603
1267 433
1268 4346
1269 4927
1270 5724
1271 5912
1272 453
1273 5994
1274 189
1275 769
1276 6018
1277 783
1278 1088
1279 2844
1280 2545
1281 1436
1282 5537
1283 1064
1284 5558
1285 3600
1286 3403
1287 658
1288 560
1289 1476
1290 5348
1291 1945
1292 3924
1293 1374
1294 5592
1295 5878
1296 5479
1297 1667
1298 5024
1299 1675
1300 5071
1301 4787
1302 5337
1303 4874
1304 6246
1305 383
1306 5072
1307 2805
1308 4900
1309 5794
1310 5219
1311 123
1312 6049
1313 4521
1314 5045
1315 5066
1316 2372
1317 2242
1318 866
1319 4552
1320 1261
1321 435
1322 3562
1323 1699
1324 3042
1325 1157
1326 3952
1327 4601
1328 2766
1329 4949
1330 190
1331 4635
1332 2821
1333 4454
1334 2721
1335 266
1336 2214
1337 2978
1338 3185
1339 3
1340 3592
1341 3701
1342 3805
1343 4534
1344 2400
1345 5932
1346 129
1347 2221
1348 1780
1349 3347
1350 947
1351 1698
1352 1373
1353 6386
1354 3117
1355 5756
1356 5776
1357 2487
1358 3971
1359 3119
1360 6110
1361 2303
1362 5508
1363 2598
1364 1728
1365 5659
1366 2291
1367 4999
1368 722
1369 4131
1370 1959
1371 5085
1372 56
1373 333
1374 5712
1375 2994
1376 3397
1377 6
1378 1631
1379 6391
1380 3728
1381 3815
1382 3511
1383 1839
1384 5918
1385 6312
1386 1628
1387 2415
1388 4420
1389 1883
1390 494
1391 341
1392 5976
1393 4679
1394 1695
1395 5099
1396 2030
1397 2826
1398 3588
1399 1462
1400 4892
1401 5677
1402 77
1403 5304
1404 2715
1405 5350
1406 770
1407 4723
1408 2186
1409 1481
1410 5783
1411 2322
1412 3955
1413 4595
1414 4317
1415 1802
1416 4777
1417 491
1418 519
1419 1284
1420 926
1421 3503
1422 3196
1423 86
1424 4567
1425 6444
1426 636
1427 5606
1428 3302
1429 5826
1430 5117
1431 6283
1432 4039
1433 1976
1434 4209
1435 3644
1436 1457
1437 3220
1438 662
1439 2807
1440 4243
1441 6147
1442 3902
1443 2257
1444 3232
1445 1825
1446 1960
1447 3911
1448 6469
1449 3963
1450 2253
1451 4995
1452 4406
1453 3046
1454 2115
1455 6212
1456 2088
1457 1116
1458 595
1459 3122
1460 1564
1461 157
1462 2992
1463 6206
1464 2953
1465 5327
1466 5118
1467 4587
1468 2512
1469 3066
1470 1706
1471 5521
1472 2817
1473 6439
1474 551
1475 4125
1476 6362
1477 3557
1478 6447
1479 3739
1480 5506
1481 5697
1482 162
1483 5590
1484 5883
1485 5509
1486 3749
1487 1653
1488 5073
1489 6343
1490 3471
1491 4889
1492 5576
1493 4074
1494 2456
1495 1286
1496 5026
1497 2441
1498 5796
1499 1291
1500 3320
1501 1521
1502 4122
1503 1680
1504 4818
1505 686
1506 5415
1507 4418
1508 79
1509 6042
1510 1783
1511 4071
1512 2680
1513 449
1514 2642
1515 540
1516 130
1517 5765
1518 6193
1519 1103
1520 5398
1521 1624
1522 550
1523 1718
1524 5718
1525 4389
1526 217
1527 2524
1528 1159
1529 5387
1530 5877
1531 4789
1532 1134
1533 2489
1534 3538
1535 4073
1536 2409
1537 6003
1538 4660
1539 5204
1540 3916
1541 1569
1542 5825
1543 831
1544 4016
1545 1495
1546 3259
1547 35
1548 594
1549 184
1550 6054
1551 1539
1552 6472
1553 6130
1554 1051
1555 4804
1556 3443
1557 3674
1558 1541
1559 3248
1560 4814
1561 1559
1562 2719
1563 2543
1564 458
1565 5213
1566 856
1567 3177
1568 4557
1569 315
1570 4026
1571 3919
1572 5293
1573 4314
1574 1640
1575 3724
1576 2980
1577 1091
1578 6380
1579 4901
1580 5837
1581 4111
1582 2802
1583 2913
1584 5708
1585 2269
1586 5988
1587 3340
1588 2594
1589 4368
1590 5696
1591 1054
1592 5355
1593 24
1594 4750
1595 2308
1596 2641
1597 4598
1598 4992
1599 3646
1600 1206
1601 1964
1602 2006
1603 2351
1604 5135
1605 1646
1606 2005
1607 1935
1608 1163
1609 3694
1610 1305
1611 3837
1612 4005
1613 2057
1614 3301
1615 346
1616 2056
1617 2365
1618 5266
1619 3657
1620 153
1621 3738
1622 1454
1623 3255
1624 563
1625 8
1626 5289
1627 3795
1628 2565
1629 1334
1630 1876
1631 5669
1632 2610
1633 1400
1634 667
1635 1979
1636 3603
1637 1937
1638 3089
1639 2429
1640 5938
1641 1369
1642 5569
1643 127
1644 1143
1645 2128
1646 2174
1647 2428
1648 5863
1649 5247
1650 4298
1651 1557
1652 4613
1653 696
1654 5097
1655 3873
1656 4611
1657 5094
1658 2948
1659 1973
1660 4975
1661 470
1662 4543
1663 5741
1664 4123
1665 2902
1666 4677
1667 3468
1668 3878
1669 1708
1670 268
1671 3428
1672 5077
1673 4976
1674 3029
1675 5296
1676 2891
1677 437
1678 1047
1679 5384
1680 447
1681 3244
1682 405
1683 5290
1684 3409
1685 3239
1686 1683
1687 6152
1688 5271
1689 211
1690 2285
1691 2275
1692 220
1693 1045
1694 4110
1695 143
1696 862
1697 3342
1698 4473
1699 6319
1700 3530
1701 5149
1702 1273
1703 104
1704 4078
1705 2803
1706 3044
1707 3684
1708 2818
1709 5802
1710 4752
1711 381
1712 132
1713 843
1714 4214
1715 816
1716 3581
1717 2197
1718 3203
1719 1796
1720 785
1721 475
1722 1674
1723 2087
1724 4242
1725 508
1726 2985
1727 2277
1728 1097
1729 1558
1730 500
1731 3217
1732 2923
1733 4990
1734 3072
1735 5420
1736 3085
1737 3836
1738 2248
1739 1021
1740 732
1741 3761
1742 6044
1743 3812
1744 6100
1745 3698
1746 3584
1747 3276
1748 3970
1749 4685
1750 4942
1751 4524
1752 2427
1753 4991
1754 5408
1755 668
1756 3681
1757 5589
1758 124
1759 2964
1760 2215
1761 6056
1762 608
1763 3797
1764 5662
1765 3770
1766 5729
1767 1807
1768 2347
1769 939
1770 4624
1771 3076
1772 4498
1773 2739
1774 2855
1775 1875
1776 2781
1777 488
1778 2021
1779 6008
1780 1409
1781 1818
1782 5705
1783 3576
1784 3917
1785 1106
1786 4555
1787 4270
1788 1364
1789 1012
1790 4628
1791 4438
1792 5305
1793 5272
1794 3341
1795 5874
1796 3040
1797 1453
1798 1069
1799 2621
1800 3093
1801 1328
1802 3859
1803 5169
1804 4549
1805 2734
1806 5607
1807 1269
1808 2313
1809 1309
1810 4220
1811 4226
1812 4455
1813 5738
1814 3021
1815 3018
1816 5657
1817 492
1818 2362
1819 5572
1820 3850
1821 4933
1822 3492
1823 1130
1824 1250
1825 1974
1826 738
1827 1850
1828 3406
1829 6263
1830 1831
1831 282
1832 4558
1833 4651
1834 4313
1835 5432
1836 6457
1837 990
1838 981
1839 4402
1840 98
1841 3213
1842 1771
1843 5913
1844 2401
1845 583
1846 1908
1847 5262
1848 1060
1849 2952
1850 340
1851 4713
1852 1738
1853 2555
1854 54
1855 1187
1856 1613
1857 1532
1858 4253
1859 5519
1860 1540
1861 5386
1862 2478
1863 2286
1864 1469
1865 4588
1866 6435
1867 4086
1868 2379
1869 6240
1870 3446
1871 5997
1872 3876
1873 4192
1874 774
1875 5536
1876 4941
1877 4518
1878 1251
1879 4191
1880 1041
1881 4955
1882 3735
1883 5160
1884 904
1885 3477
1886 1593
1887 4193
1888 565
1889 648
1890 2075
1891 5256
1892 797
1893 4971
1894 3170
1895 4233
1896 1190
1897 4977
1898 3630
1899 1870
1900 751
1901 2002
1902 1869
1903 2899
1904 619
1905 47
1906 2765
1907 5989
1908 3429
1909 1120
1910 5416
1911 5014
1912 4108
1913 960
1914 6157
1915 375
1916 3071
1917 1433
1918 4335
1919 755
1920 5910
1921 1456
1922 779
1923 4690
1924 1588
1925 4381
1926 4909
1927 965
1928 1280
1929 5047
1930 31
1931 5617
1932 6329
1933 2479
1934 3996
1935 5517
1936 2967
1937 5
1938 2623
1939 6223
1940 2467
1941 1942
1942 3431
1943 1572
1944 2896
1945 4029
1946 3048
1947 4031
1948 3925
1949 4199
1950 4577
1951 6333
1952 5369
1953 5303
1954 2120
1955 3692
1956 5812
1957 4067
1958 644
1959 6077
1960 4652
1961 3918
1962 3228
1963 5287
1964 4475
1965 645
1966 4337
1967 3732
1968 3408
1969 393
1970 1725
1971 2272
1972 3896
1973 5582
1974 2716
1975 5778
1976 321
1977 1000
1978 4526
1979 1367
1980 2490
1981 1098
1982 5906
1983 3191
1984 5049
1985 4674
1986 3463
1987 2712
1988 261
1989 6000
1990 2148
1991 2928
1992 1619
1993 1767
1994 514
1995 6113
1996 4047
1997 3218
1998 5144
1999 2447
2000 4879
2001 4706
2002 424
2003 2648
2004 2163
2005 4309
2006 5133
2007 146
2008 1043
2009 1901
2010 5766
2011 1585
2012 1809
2013 855
2014 1459
2015 420
2016 6286
2017 5025
2018 1095
2019 846
2020 1329
2021 5244
2022 23
2023 651
2024 1824
2025 1842
2026 4920
2027 2144
2028 4295
2029 5473
2030 5309
2031 5949
2032 6344
2033 1890
2034 144
2035 3939
2036 2283
2037 3197
2038 372
2039 4329
2040 2939
2041 587
2042 4153
2043 432
2044 6167
2045 2098
2046 2700
2047 3841
2048 3305
2049 5538
2050 2791
2051 331
2052 3294
2053 2396
2054 4979
2055 5722
2056 4578
2057 4554
2058 212
2059 4197
2060 2914
2061 6199
2062 2013
2063 1073
2064 3696
2065 5998
2066 5211
2067 215
2068 5437
2069 4176
2070 1465
2071 4803
2072 2268
2073 1743
2074 1566
2075 298
2076 5184
2077 1776
2078 3227
2079 1782
2080 2619
2081 1848
2082 3734
2083 4398
2084 2842
2085 749
2086 3356
2087 5008
2088 5716
2089 3857
2090 5475
2091 1793
2092 1475
2093 344
2094 1466
2095 2054
2096 2299
2097 1274
2098 3807
2099 2997
2100 5980
2101 5815
2102 1164
2103 4937
2104 1024
2105 4091
2106 1552
2107 5567
2108 4953
2109 161
2110 4064
2111 2748
2112 3351
2113 5630
2114 214
2115 741
2116 5371
2117 1132
2118 3667
2119 5867
2120 1467
2121 2265
2122 3073
2123 6146
2124 5764
2125 812
2126 2407
2127 882
2128 3899
2129 4603
2130 6429
2131 3552
2132 5146
2133 1151
2134 4474
2135 6024
2136 1736
2137 4262
2138 1076
2139 99
2140 4625
2141 1840
2142 145
2143 464
2144 5872
2145 39
2146 5514
2147 2786
2148 6096
2149 1855
2150 318
2151 2905
2152 6150
2153 5954
2154 2676
2155 6271
2156 3137
2157 764
2158 4107
2159 601
2160 4280
2161 4965
2162 1403
2163 522
2164 5893
2165 3205
2166 2431
2167 5702
2168 4727
2169 5409
2170 3198
2171 2622
2172 2675
2173 246
2174 4488
2175 3987
2176 5120
2177 2266
2178 657
2179 3460
2180 2824
2181 2258
2182 3114
2183 5331
2184 5145
2185 833
2186 3049
2187 5125
2188 2288
2189 2016
2190 4729
2191 2699
2192 4037
2193 4906
2194 5356
2195 5720
2196 6368
2197 4155
2198 2009
2199 2155
2200 4969
2201 2446
2202 4241
2203 3983
2204 4017
2205 3368
2206 4495
2207 3835
2208 2679
2209 6185
2210 6237
2211 2731
2212 1314
2213 2280
2214 5187
2215 5880
2216 5604
2217 342
2218 2476
2219 2398
2220 1904
2221 564
2222 3081
2223 5301
2224 2094
2225 27
2226 607
2227 2338
2228 325
2229 5185
2230 2579
2231 6067
2232 5740
2233 1407
2234 510
2235 4234
2236 3404
2237 402
2238 2300
2239 1545
2240 3751
2241 3413
2242 5104
2243 1909
2244 58
2245 3045
2246 5487
2247 5941
2248 2169
2249 3251
2250 1735
2251 4742
2252 5062
2253 6168
2254 5847
2255 5123
2256 5333
2257 3357
2258 2039
2259 4974
2260 4822
2261 2819
2262 4152
2263 2492
2264 4023
2265 3274
2266 3894
2267 1265
2268 6118
2269 6407
2270 2750
2271 1220
2272 3163
2273 4359
2274 6205
2275 4348
2276 83
2277 1397
2278 2548
2279 1704
2280 138
2281 2852
2282 2010
2283 2142
2284 4484
2285 5715
2286 5460
2287 4939
2288 1926
2289 887
2290 4085
2291 3595
2292 570
2293 618
2294 4607
2295 5892
2296 1740
2297 1544
2298 6202
2299 2744
2300 6284
2301 6063
2302 6395
2303 2547
2304 1152
2305 5682
2306 6233
2307 2630
2308 6473
2309 3863
2310 170
2311 3607
2312 6465
2313 6424
2314 3685
2315 1914
2316 4960
2317 128
2318 5173
2319 5052
2320 4210
2321 2603
2322 6127
2323 908
2324 1217
2325 2417
2326 1221
2327 2853
2328 3786
2329 3420
2330 46
2331 1980
2332 1165
2333 1272
2334 4112
2335 1413
2336 374
2337 5813
2338 3401
2339 183
2340 3230
2341 2513
2342 4696
2343 919
2344 2065
2345 2605
2346 2068
2347 3246
2348 5646
2349 4332
2350 3350
2351 4143
2352 617
2353 384
2354 546
2355 4772
2356 270
2357 2435
2358 3311
2359 6169
2360 4157
2361 5894
2362 2774
2363 4362
2364 3328
2365 3877
2366 2753
2367 1606
2368 2031
2369 1623
2370 5923
2371 502
2372 5495
2373 2575
2374 898
2375 2696
2376 893
2377 4393
2378 977
2379 905
2380 5919
2381 62
2382 244
2383 4437
2384 4323
2385 5183
2386 185
2387 1320
2388 2643
2389 1142
2390 6303
2391 3069
2392 2226
2393 304
2394 1422
2395 2553
2396 2397
2397 279
2398 1178
2399 3426
2400 4684
2401 131
2402 4367
2403 5442
2404 2198
2405 2377
2406 1781
2407 1270
2408 2963
2409 5410
2410 4908
2411 800
2412 4756
2413 460
2414 3381
2415 1891
2416 5236
2417 850
2418 423
2419 1947
2420 4503
2421 3579
2422 1316
2423 5218
2424 6217
2425 4469
2426 386
2427 2166
2428 3880
2429 980
2430 2521
2431 2477
2432 1005
2433 1122
2434 1912
2435 6111
2436 1443
2437 6194
2438 4781
2439 6316
2440 621
2441 3999
2442 911
2443 2961
2444 115
2445 4055
2446 289
2447 2604
2448 2324
2449 3394
2450 6379
2451 6275
2452 1830
2453 3893
2454 3375
2455 2146
2456 297
2457 2709
2458 6088
2459 6210
2460 2754
2461 5229
2462 5787
2463 4943
2464 2038
2465 683
2466 5865
2467 1285
2468 338
2469 3229
2470 6422
2471 5510
2472 934
2473 5192
2474 3838
2475 4258
2476 6175
2477 3645
2478 57
2479 6421
2480 3747
2481 4056
2482 5726
2483 1283
2484 1934
2485 2722
2486 4168
2487 4610
2488 1797
2489 465
2490 3345
2491 5656
2492 4345
2493 614
2494 5603
2495 4762
2496 4944
2497 6227
2498 6189
2499 2173
2500 5172
2501 2154
2502 88
2503 2662
2504 5817
2505 4642
2506 1823
2507 5053
2508 5210
2509 4918
2510 107
2511 4361
2512 422
2513 2025
2514 789
2515 1278
2516 3961
2517 182
2518 3875
2519 2252
2520 210
2521 962
2522 5129
2523 4631
2524 1089
2525 364
2526 5553
2527 3788
2528 6249
2529 5424
2530 5565
2531 4319
2532 6214
2533 273
2534 5693
2535 2185
2536 5621
2537 5002
2538 478
2539 4114
2540 1655
2541 1933
2542 5803
2543 6359
2544 4647
2545 3930
2546 6055
2547 4138
2548 5314
2549 147
2550 2048
2551 1107
2552 71
2553 4846
2554 2335
2555 1427
2556 223
2557 2568
2558 1567
2559 5352
2560 2968
2561 6300
2562 2788
2563 6203
2564 165
2565 2828
2566 3690
2567 4619
2568 2093
2569 1224
2570 1321
2571 5298
2572 5504
2573 4117
2574 5807
2575 3474
2576 231
2577 5879
2578 310
2579 3309
2580 2130
2581 2668
2582 1803
2583 4505
2584 426
2585 6161
2586 264
2587 3725
2588 6251
2589 6261
2590 2797
2591 5587
2592 1693
2593 2380
2594 2369
2595 281
2596 4203
2597 2664
2598 5520
2599 305
2600 1389
2601 4392
2602 1127
2603 1154
2604 16
2605 6164
2606 1218
2607 2825
2608 2425
2609 294
2610 434
2611 1687
2612 2890
2613 337
2614 4867
2615 6371
2616 3958
2617 1075
2618 2424
2619 5750
2620 105
2621 365
2622 5745
2623 5864
2624 3392
2625 4597
2626 1356
2627 1304
2628 1259
2629 6441
2630 1093
2631 5021
2632 4501
2633 1435
2634 5015
2635 1650
2636 523
2637 3668
2638 1873
2639 4878
2640 5499
2641 6370
2642 5186
2643 3382
2644 3934
2645 339
2646 4938
2647 2627
2648 2320
2649 5084
2650 1414
2651 5127
2652 1048
2653 5116
2654 10
2655 3223
2656 1126
2657 334
2658 6381
2659 5897
2660 5816
2661 5809
2662 5155
2663 6428
2664 1570
2665 180
2666 808
2667 4717
2668 1179
2669 5763
2670 804
2671 2422
2672 5195
2673 3513
2674 368
2675 1287
2676 5667
2677 1355
2678 4845
2679 3499
2680 2613
2681 1470
2682 3282
2683 6345
2684 5182
2685 1671
2686 3092
2687 1529
2688 5102
2689 5549
2690 4183
2691 1923
2692 2147
2693 4531
2694 6116
2695 1053
2696 5245
2697 309
2698 2100
2699 5291
2700 4063
2701 4482
2702 2833
2703 5235
2704 5346
2705 1607
2706 1447
2707 2981
2708 1691
2709 4872
2710 1282
2711 5546
2712 5643
2713 4416
2714 5361
2715 59
2716 2359
2717 4148
2718 113
2719 2475
2720 5174
2721 5523
2722 322
2723 5046
2724 1922
2725 1158
2726 3362
2727 6311
2728 1528
2729 6377
2730 4256
2731 6398
2732 4093
2733 5379
2734 4763
2735 2410
2736 5036
2737 625
2738 93
2739 2486
2740 1359
2741 1757
2742 5152
2743 249
2744 3678
2745 1851
2746 1472
2747 6128
2748 5733
2749 1859
2750 6378
2751 2318
2752 1943
2753 4893
2754 2830
2755 6132
2756 3480
2757 205
2758 1360
2759 1885
2760 5827
2761 4481
2762 350
2763 4042
2764 5257
2765 1990
2766 404
2767 561
2768 6215
2769 5907
2770 6112
2771 95
2772 3398
2773 3234
2774 2003
2775 2728
2776 873
2777 3518
2778 2392
2779 3703
2780 171
2781 5535
2782 2211
2783 5618
2784 4875
2785 4801
2786 5937
2787 1131
2788 4512
2789 467
2790 879
2791 3760
2792 5264
2793 5660
2794 1378
2795 6245
2796 5330
2797 5983
2798 3741
2799 163
2800 2111
2801 6423
2802 3794
2803 5622
2804 2188
2805 232
2806 395
2807 1003
2808 459
2809 6221
2810 4767
2811 2741
2812 3590
2813 4355
2814 3570
2815 5525
2816 5249
2817 1700
2818 2330
2819 5332
2820 5059
2821 745
2822 5448
2823 5961
2824 2314
2825 55
2826 1860
2827 6346
2828 1701
2829 4775
2830 1871
2831 5018
2832 1784
2833 606
2834 2329
2835 4857
2836 6336
2837 3612
2838 3714
2839 5721
2840 6074
2841 3377
2842 1049
2843 5619
2844 5676
2845 1856
2846 2871
2847 1040
2848 5915
2849 3622
2850 5207
2851 6282
2852 1604
2853 1932
2854 2159
2855 4987
2856 2436
2857 472
2858 1905
2859 2567
2860 3957
2861 2591
2862 3338
2863 3643
2864 852
2865 654
2866 1200
2867 4311
2868 5395
2869 202
2870 6402
2871 2747
2872 2644
2873 2196
2874 3639
2875 1365
2876 3947
2877 3599
2878 1039
2879 5631
2880 4109
2881 795
2882 455
2883 3745
2884 4648
2885 4324
2886 416
2887 3851
2888 5888
2889 5605
2890 3195
2891 5212
2892 2341
2893 2175
2894 5986
2895 2176
2896 5411
2897 5452
2898 4178
2899 3754
2900 5955
2901 1887
2902 0
2903 1517
2904 6241
2905 3022
2906 4414
2907 4688
2908 6326
2909 469
2910 6013
2911 1931
2912 6438
2913 5615
2914 3771
2915 4375
2916 267
2917 1086
2918 4620
2919 1886
2920 4251
2921 3054
2922 5577
2923 3993
2924 3399
2925 4050
2926 5730
2927 4791
2928 2873
2929 4782
2930 4540
2931 3943
2932 5486
2933 2538
2934 3498
2935 5315
2936 2204
2937 5964
2938 4000
2939 2126
2940 3264
2941 2864
2942 1734
2943 4387
2944 5916
2945 1437
2946 247
2947 518
2948 3260
2949 872
2950 3269
2951 2775
2952 11
2953 3897
2954 6165
2955 1951
2956 4185
2957 3843
2958 1082
2959 3789
2960 5749
2961 3637
2962 1027
2963 3047
2964 2129
2965 5680
2966 1602
2967 2756
2968 283
2969 4527
2970 1779
2971 6464
2972 1759
2973 239
2974 4267
2975 6264
2976 2631
2977 3475
2978 1618
2979 571
2980 3534
2981 3101
2982 5089
2983 5560
2984 5850
2985 2511
2986 3870
2987 3079
2988 406
2989 1595
2990 5086
2991 2022
2992 81
2993 5159
2994 5891
2995 4305
2996 3385
2997 3608
2998 2960
2999 2800
3000 3422
3001 731
3002 3102
3003 243
3004 2250
3005 958
3006 1733
3007 5736
3008 4252
3009 2150
3010 2572
3011 5278
3012 1999
3013 596
3014 6101
3015 1719
3016 2082
3017 2973
3018 382
3019 1096
3020 2213
3021 5761
3022 3467
3023 1460
3024 4837
3025 3168
3026 3447
3027 5453
3028 5695
3029 3509
3030 6297
3031 6341
3032 4630
3033 3988
3034 653
3035 632
3036 3964
3037 5709
3038 2058
3039 4541
3040 5586
3041 5649
3042 1963
3043 1298
3044 323
3045 2559
3046 1223
3047 5237
3048 4382
3049 2080
3050 5684
3051 2273
3052 1292
3053 3715
3054 3568
3055 4282
3056 1310
3057 2937
3058 1542
3059 135
3060 6137
3061 3484
3062 5119
3063 2835
3064 1468
3065 1672
3066 4051
3067 1548
3068 4043
3069 85
3070 1665
3071 5820
3072 1421
3073 6057
3074 5190
3075 2450
3076 555
3077 1535
3078 4862
3079 203
3080 3112
3081 5101
3082 2112
3083 2481
3084 6220
3085 442
3086 811
3087 922
3088 3966
3089 630
3090 280
3091 6050
3092 2462
3093 3829
3094 6417
3095 5773
3096 5240
3097 5198
3098 3811
3099 5153
3100 4718
3101 5259
3102 5831
3103 642
3104 6052
3105 4436
3106 1688
3107 4514
3108 4559
3109 3127
3110 5972
3111 4726
3112 5613
3113 5138
3114 4165
3115 1918
3116 3610
3117 3904
3118 1463
3119 3487
3120 5626
3121 938
3122 3124
3123 2596
3124 5220
3125 2993
3126 3523
3127 5648
3128 2585
3129 4996
3130 1150
3131 3312
3132 431
3133 697
3134 255
3135 3384
3136 6348
3137 4786
3138 5641
3139 3842
3140 4766
3141 4395
3142 5714
3143 4904
3144 6365
3145 4529
3146 6120
3147 3948
3148 5930
3149 3886
3150 6228
3151 2358
3152 1622
3153 4599
3154 924
3155 2540
3156 2682
3157 2563
3158 2483
3159 2028
3160 1225
3161 5629
3162 2442
3163 3979
3164 4703
3165 1713
3166 6163
3167 5663
3168 1834
3169 4636
3170 781
3171 5690
3172 4844
3173 2047
3174 5326
3175 5340
3176 5227
3177 2414
3178 1787
3179 1533
3180 5835
3181 3361
3182 4182
3183 6310
3184 1386
3185 4299
3186 3722
3187 1299
3188 3390
3189 1727
3190 4637
3191 1758
3192 2518
3193 5573
3194 1194
3195 5957
3196 3743
3197 1411
3198 3439
3199 327
3200 4356
3201 155
3202 276
3203 1554
3204 3992
3205 4980
3206 2157
3207 1061
3208 5483
3209 3989
3210 691
3211 1587
3212 1822
3213 1077
3214 4913
3215 4119
3216 5445
3217 5078
3218 2787
3219 3616
3220 2602
3221 4441
3222 4583
3223 4682
3224 885
3225 6071
3226 3533
3227 2457
3228 5013
3229 899
3230 1821
3231 3373
3232 2949
3233 4754
3234 5823
3235 387
3236 5881
3237 6400
3238 103
3239 3962
3240 1884
3241 3271
3242 5806
3243 4811
3244 3193
3245 4923
3246 139
3247 1113
3248 2966
3249 680
3250 4034
3251 3671
3252 878
3253 4121
3254 5472
3255 6145
3256 6430
3257 1866
3258 870
3259 4773
3260 677
3261 6093
3262 3313
3263 5064
3264 5288
3265 2535
3266 5832
3267 3578
3268 4002
3269 3810
3270 775
3271 4018
3272 5732
3273 362
3274 995
3275 5156
3276 1681
3277 920
3278 4897
3279 6272
3280 5091
3281 468
3282 753
3283 5819
3284 5991
3285 457
3286 719
3287 501
3288 4457
3289 5725
3290 121
3291 4432
3292 5114
3293 2500
3294 527
3295 586
3296 5851
3297 700
3298 6317
3299 4200
3300 3300
3301 1526
3302 2874
3303 3074
3304 5692
3305 6307
3306 1241
3307 6259
3308 1431
3309 5611
3310 4194
3311 6396
3312 4988
3313 371
3314 1678
3315 1798
3316 1371
3317 5081
3318 4224
3319 4453
3320 5477
3321 4259
3322 2837
3323 4572
3324 2468
3325 2955
3326 4306
3327 2124
3328 6321
3329 4424
3330 3041
3331 5075
3332 3888
3333 5674
3334 3307
3335 4644
3336 5857
3337 3845
3338 4612
3339 4560
3340 5584
3341 1518
3342 1862
3343 1669
3344 497
3345 1512
3346 290
3347 200
3348 3402
3349 1562
3350 3587
3351 6138
3352 5753
3353 708
3354 4082
3355 4697
3356 4711
3357 4281
3358 3903
3359 2875
3360 6390
3361 2694
3362 4151
3363 3937
3364 69
3365 5376
3366 4799
3367 3010
3368 2323
3369 5838
3370 1849
3371 3573
3372 3324
3373 1293
3374 3935
3375 2472
3376 4755
3377 3286
3378 495
3379 4842
3380 1417
3381 1301
3382 2053
3383 4790
3384 5601
3385 2149
3386 3094
3387 2865
3388 4544
3389 296
3390 5958
3391 3783
3392 1993
3393 5164
3394 2916
3395 1724
3396 4036
3397 6156
3398 1202
3399 3572
3400 2701
3401 3296
3402 1977
3403 4499
3404 5811
3405 3832
3406 3942
3407 436
3408 1268
3409 1226
3410 5130
3411 5759
3412 3527
3413 2363
3414 1800
3415 400
3416 2915
3417 937
3418 5028
3419 948
3420 602
3421 4208
3422 2067
3423 3438
3424 2991
3425 5429
3426 1722
3427 1276
3428 4859
3429 87
3430 380
3431 4154
3432 3316
3433 4264
3434 2519
3435 6415
3436 6102
3437 2714
3438 19
3439 6190
3440 2118
3441 440
3442 1149
3443 2782
3444 3892
3445 3096
3446 2587
3447 5552
3448 1340
3449 3726
3450 5658
3451 5755
3452 1731
3453 6066
3454 1794
3455 1406
3456 1408
3457 3553
3458 5459
3459 13
3460 5248
3461 6260
3462 572
3463 2737
3464 4739
3465 4881
3466 4770
3467 857
3468 901
3469 1335
3470 1846
3471 3333
3472 2848
3473 1501
3474 993
3475 360
3476 2317
3477 4038
3478 1927
3479 5578
3480 2749
3481 1294
3482 4686
3483 4972
3484 3598
3485 1948
3486 1109
3487 4297
3488 534
3489 1815
3490 4013
3491 2454
3492 2900
3493 1838
3494 5370
3495 5031
3496 2784
3497 5982
3498 96
3499 5307
3500 4921
3501 4661
3502 2461
3503 869
3504 4483
3505 1055
3506 1212
3507 1686
3508 3817
3509 3139
3510 2218
3511 2689
3512 2934
3513 5798
3514 5889
3515 6051
3516 3353
3517 3826
3518 4824
3519 5441
3520 1760
3521 3736
3522 6159
3523 655
3524 5098
3525 1147
3526 6153
3527 4535
3528 1393
3529 5801
3530 6306
3531 752
3532 1677
3533 3672
3534 6061
3535 2373
3536 640
3537 776
3538 4286
3539 3052
3540 2823
3541 1101
3542 2793
3543 498
3544 2544
3545 994
3546 2315
3547 4771
3548 1820
3549 5425
3550 5360
3551 6270
3552 1504
3553 3981
3554 4179
3555 5742
3556 940
3557 2037
3558 1610
3559 3529
3560 5903
3561 5704
3562 2311
3563 5042
3564 4621
3565 4617
3566 4222
3567 627
3568 5780
3569 3649
3570 2977
3571 1346
3572 1500
3573 3895
3574 1917
3575 1111
3576 1600
3577 3800
3578 4740
3579 5747
3580 1318
3581 1716
3582 1763
3583 2671
3584 4065
3585 5489
3586 2932
3587 4504
3588 6134
3589 6085
3590 1388
3591 826
3592 4443
3593 5691
3594 3713
3595 3369
3596 951
3597 1620
3598 2539
3599 3574
3600 3165
3601 835
3602 2134
3603 5485
3604 2399
3605 2337
3606 1833
3607 4530
3608 2231
3609 3627
3610 864
3611 3410
3612 4377
3613 3149
3614 6027
3615 3380
3616 5792
3617 5818
3618 6258
3619 4664
3620 5302
3621 3642
3622 1483
3623 773
3624 2726
3625 303
3626 3540
3627 1081
3628 5501
3629 348
3630 894
3631 5414
3632 4606
3633 4759
3634 5671
3635 5945
3636 3225
3637 2552
3638 251
3639 5959
3640 5230
3641 5168
3642 3980
3643 2795
3644 1538
3645 6295
3646 759
3647 4268
3648 41
3649 1506
3650 5711
3651 935
3652 5201
3653 1338
3654 2480
3655 5217
3656 187
3657 2881
3658 5869
3659 515
3660 5270
3661 2158
3662 4528
3663 4456
3664 4223
3665 2597
3666 3070
3667 3479
3668 5191
3669 4496
3670 1492
3671 4885
3672 1739
3673 4692
3674 4568
3675 274
3676 4848
3677 2673
3678 3956
3679 4795
3680 3339
3681 1577
3682 1889
3683 6268
3684 5413
3685 5566
3686 1913
3687 6334
3688 6204
3689 953
3690 4783
3691 6389
3692 5079
3693 6079
3694 5167
3695 3035
3696 3683
3697 5423
3698 235
3699 5574
3700 1352
3701 2282
3702 6218
3703 5061
3704 5775
3705 672
3706 4725
3707 1085
3708 4935
3709 446
3710 5070
3711 1843
3712 5436
3713 5140
3714 3824
3715 417
3716 474
3717 1654
3718 2829
3719 4429
3720 2079
3721 2576
3722 5971
3723 2493
3724 874
3725 1432
3726 1216
3727 2732
3728 126
3729 1123
3730 6355
3731 6456
3732 5325
3733 1383
3734 390
3735 6354
3736 3464
3737 5655
3738 4411
3739 5462
3740 3633
3741 4072
3742 4561
3743 2011
3744 2898
3745 3818
3746 782
3747 2256
3748 3719
3749 5481
3750 3115
3751 4731
3752 5276
3753 3238
3754 4573
3755 3164
3756 204
3757 3776
3758 2505
3759 4462
3760 1056
3761 2564
3762 2581
3763 5255
3764 3705
3765 836
3766 487
3767 715
3768 1025
3769 4447
3770 4237
3771 2975
3772 4592
3773 6201
3774 6266
3775 2809
3776 2181
3777 2590
3778 5121
3779 2394
3780 2453
3781 1828
3782 6105
3783 3774
3784 324
3785 6357
3786 2776
3787 438
3788 4778
3789 4864
3790 1635
3791 4566
3792 2346
3793 3611
3794 2382
3795 6073
3796 2526
3797 2202
3798 3395
3799 3445
3800 4166
3801 3060
3802 562
3803 1363
3804 186
3805 5966
3806 604
3807 3787
3808 1379
3809 557
3810 4399
3811 4633
3812 6058
3813 1961
3814 3444
3815 257
3816 66
3817 2687
3818 1561
3819 4265
3820 2508
3821 206
3822 2887
3823 4195
3824 1709
3825 1897
3826 194
3827 2007
3828 4343
3829 694
3830 2950
3831 6404
3832 4333
3833 1507
3834 4687
3835 823
3836 4751
3837 6186
3838 5154
3839 5849
3840 2933
3841 197
3842 4409
3843 854
3844 6070
3845 1755
3846 5800
3847 2841
3848 5940
3849 394
3850 881
3851 2384
3852 1248
3853 1377
3854 2979
3855 3716
3856 4069
3857 1246
3858 3975
3859 1998
3860 2223
3861 3015
3862 4670
3863 6151
3864 2742
3865 1277
3866 2225
3867 1405
3868 3485
3869 2381
3870 6140
3871 2433
3872 6269
3873 2725
3874 4871
3875 1016
3876 1440
3877 5353
3878 3090
3879 5124
3880 4476
3881 3107
3882 316
3883 5898
3884 5541
3885 1692
3886 1966
3887 996
3888 1313
3889 3516
3890 5004
3891 489
3892 6083
3893 6289
3894 3337
3895 5876
3896 4378
3897 726
3898 4158
3899 1983
3900 1503
3901 4044
3902 3275
3903 1987
3904 5512
3905 5003
3906 2882
3907 5265
3908 5597
3909 5967
3910 4605
3911 5258
3912 2859
3913 3844
3914 674
3915 358
3916 2856
3917 2103
3918 3953
3919 5158
3920 3283
3921 413
3922 539
3923 590
3924 536
3925 2008
3926 3442
3927 670
3928 4334
3929 2808
3930 80
3931 3618
3932 6294
3933 1234
3934 2321
3935 5901
3936 765
3937 5858
3938 5642
3939 3212
3940 6002
3941 837
3942 3631
3943 991
3944 3995
3945 512
3946 3430
3947 2907
3948 2052
3949 118
3950 5921
3951 1026
3952 5944
3953 1584
3954 1744
3955 2326
3956 6445
3957 3520
3958 3058
3959 3984
3960 3291
3961 4087
3962 4650
3963 5542
3964 1275
3965 2222
3966 622
3967 3261
3968 5632
3969 2089
3970 1368
3971 3803
3972 5268
3973 2423
3974 810
3975 2586
3976 2334
3977 1181
3978 3546
3979 1240
3980 2466
3981 34
3982 1546
3983 5468
3984 1455
3985 3755
3986 4007
3987 575
3988 240
3989 4575
3990 1594
3991 5037
3992 3358
3993 2294
3994 6032
3995 3825
3996 5936
3997 3536
3998 3031
3999 2132
4000 5418
4001 4008
4002 1205
4003 1323
4004 117
4005 3626
4006 743
4007 1014
4008 4494
4009 1560
4010 4394
4011 807
4012 1498
4013 5743
4014 3655
4015 1375
4016 730
4017 526
4018 933
4019 2558
4020 4142
4021 5484
4022 4869
4023 5034
4024 3190
4025 5790
4026 5019
4027 1612
4028 952
4029 5299
4030 151
4031 5105
4032 1900
4033 5840
4034 643
4035 2345
4036 4538
4037 1801
4038 5447
4039 2390
4040 6198
4041 5929
4042 1013
4043 5664
4044 3034
4045 5911
4046 5033
4047 678
4048 4328
4049 3454
4050 4525
4051 168
4052 859
4053 578
4054 5614
4055 2463
4056 5666
4057 5056
4058 1477
4059 486
4060 4292
4061 6347
4062 2012
4063 5058
4064 336
4065 2740
4066 3158
4067 4139
4068 125
4069 6064
4070 3750
4071 3847
4072 5770
4073 998
4074 2102
4075 1195
4076 2895
4077 149
4078 681
4079 4316
4080 256
4081 840
4082 391
4083 3027
4084 3207
4085 5407
4086 2843
4087 2366
4088 4608
4089 699
4090 376
4091 4058
4092 521
4093 665
4094 5845
4095 1182
4096 4250
4097 1347
4098 2580
4099 3105
4100 354
4101 42
4102 3343
4103 4032
4104 1180
4105 949
4106 6369
4107 6442
4108 3263
4109 3676
4110 1967
4111 2910
4112 1920
4113 2769
4114 5513
4115 3927
4116 1530
4117 4957
4118 5231
4119 747
4120 5502
4121 4491
4122 3860
4123 1804
4124 626
4125 1319
4126 4225
4127 5020
4128 4238
4129 2677
4130 1451
4131 1799
4132 4780
4133 92
4134 3038
4135 3415
4136 825
4137 3852
4138 3167
4139 5358
4140 824
4141 2778
4142 3772
4143 1009
4144 2430
4145 306
4146 4070
4147 750
4148 6187
4149 3056
4150 1361
4151 3748
4152 3370
4153 1260
4154 1954
4155 832
4156 2395
4157 5222
4158 4710
4159 1565
4160 6403
4161 4926
4162 6026
4163 5286
4164 1070
4165 3268
4166 4150
4167 1556
4168 544
4169 226
4170 2360
4171 6069
4172 5253
4173 3136
4174 3033
4175 2894
4176 3855
4177 5197
4178 1668
4179 2408
4180 50
4181 1094
4182 4396
4183 1423
4184 5367
4185 1011
4186 6141
4187 5388
4188 4584
4189 2001
4190 4533
4191 2356
4192 2869
4193 1247
4194 1392
4195 2238
4196 4517
4197 6028
4198 6250
4199 4880
4200 2634
4201 2164
4202 3067
4203 3710
4204 2987
4205 4640
4206 6466
4207 2167
4208 3687
4209 2820
4210 2333
4211 4852
4212 1227
4213 806
4214 5454
4215 1971
4216 5602
4217 3658
4218 3759
4219 5993
4220 150
4221 74
4222 6136
4223 5995
4224 5162
4225 1696
4226 4232
4227 3440
4228 2316
4229 2707
4230 6367
4231 6143
4232 3332
4233 388
4234 2810
4235 4719
4236 1415
4237 133
4238 5010
4239 6122
4240 6394
4241 3723
4242 3186
4243 1254
4244 3253
4245 3865
4246 5282
4247 5083
4248 2632
4249 3057
4250 3130
4251 328
4252 1808
4253 5022
4254 3295
4255 4386
4256 4709
4257 5363
4258 4145
4259 2077
4260 193
4261 5557
4262 6434
4263 5319
4264 2678
4265 228
4266 4832
4267 5458
4268 20
4269 5017
4270 4188
4271 2289
4272 1953
4273 3000
4274 2893
4275 195
4276 2773
4277 4175
4278 75
4279 2017
4280 1115
4281 3566
4282 4986
4283 5683
4284 970
4285 6322
4286 1108
4287 4088
4288 1906
4289 1636
4290 485
4291 6119
4292 5962
4293 1322
4294 5374
4295 5793
4296 3266
4297 6075
4298 4372
4299 3083
4300 4656
4301 801
4302 5100
4303 3605
4304 3461
4305 174
4306 12
4307 1289
4308 1306
4309 4240
4310 2063
4311 6412
4312 3378
4313 6038
4314 2510
4315 973
4316 2293
4317 1720
4318 4015
4319 5852
4320 6139
4321 1652
4322 65
4323 242
4324 818
4325 3064
4326 4702
4327 5703
4328 367
4329 744
4330 2374
4331 2550
4332 3740
4333 3146
4334 5706
4335 4385
4336 2298
4337 109
4338 6048
4339 1267
4340 3830
4341 5005
4342 2161
4343 1847
4344 3200
4345 2669
4346 4539
4347 4683
4348 4444
4349 4616
4350 3827
4351 4602
4352 152
4353 3960
4354 3360
4355 2216
4356 4732
4357 5950
4358 4075
4359 805
4360 5322
4361 4581
4362 2151
4363 5575
4364 1785
4365 3241
4366 6320
4367 1166
4368 3359
4369 4890
4370 3030
4371 15
4372 3448
4373 6087
4374 4172
4375 1391
4376 5338
4377 5109
4378 1006
4379 2232
4380 983
4381 3699
4382 5228
4383 5628
4384 3214
4385 5474
4386 4080
4387 1575
4388 739
4389 5323
4390 4177
4391 2649
4392 1581
4393 3436
4394 5405
4395 2909
4396 3731
4397 1317
4398 2353
4399 707
4400 1992
4401 3389
4402 116
4403 3656
4404 3374
4405 5189
4406 6046
4407 6382
4408 3201
4409 2943
4410 1811
4411 4163
4412 5208
4413 3181
4414 5308
4415 439
4416 5178
4417 6397
4418 1019
4419 5176
4420 1382
4421 1723
4422 191
4423 3555
4424 1991
4425 2860
4426 9
4427 972
4428 2573
4429 900
4430 1444
4431 2986
4432 6279
4433 5532
4434 4033
4435 4951
4436 5023
4437 2703
4438 3525
4439 6252
4440 5161
4441 6078
4442 1471
4443 1343
4444 6043
4445 51
4446 830
4447 3254
4448 1746
4449 4272
4450 3421
4451 3128
4452 2917
4453 6410
4454 2133
4455 6188
4456 3466
4457 3954
4458 3796
4459 1579
4460 2995
4461 2836
4462 4341
4463 3287
4464 3143
4465 5165
4466 718
4467 4626
4468 3846
4469 4130
4470 2582
4471 5254
4472 5568
4473 4426
4474 828
4475 4468
4476 3095
4477 3039
4478 1161
4479 4350
4480 3679
4481 1183
4482 3514
4483 5394
4484 216
4485 1568
4486 1
4487 3352
4488 4794
4489 450
4490 5465
4491 3905
4492 2494
4493 136
4494 1257
4495 591
4496 4442
4497 5624
4498 3169
4499 5284
4500 809
4501 3711
4502 4347
4503 1290
4504 3985
4505 976
4506 3458
4507 6405
4508 4467
4509 5529
4510 2066
4511 819
4512 5490
4513 5142
4514 1425
4515 2496
4516 1236
4517 2419
4518 18
4519 5396
4520 5209
4521 6361
4522 4596
4523 600
4524 2529
4525 1445
4526 4452
4527 6458
4528 641
4529 1845
4530 5978
4531 2061
4532 6184
4533 49
4534 100
4535 6001
4536 2601
4537 2348
4538 2355
4539 609
4540 1135
4541 574
4542 5223
4543 5681
4544 6019
4545 1576
4546 1642
4547 4998
4548 499
4549 6299
4550 2974
4551 2110
4552 4421
4553 3753
4554 3325
4555 3240
4556 3025
4557 2780
4558 1484
4559 6226
4560 6309
4561 3411
4562 70
4563 3721
4564 2502
4565 3665
4566 650
4567 4427
4568 5505
4569 5205
4570 4001
4571 2177
4572 396
4573 3111
4574 685
4575 1621
4576 1634
4577 4025
4578 3929
4579 4320
4580 1022
4581 2404
4582 1550
4583 72
4584 6337
4585 1031
4586 3267
4587 3762
4588 4809
4589 3839
4590 740
4591 1033
4592 2292
4593 4695
4594 67
4595 5252
4596 3940
4597 3704
4598 1596
4599 76
4600 5739
4601 3367
4602 3336
4603 4090
4604 3278
4605 4813
4606 3140
4607 3913
4608 1944
4609 3923
4610 1215
4611 798
4612 858
4613 1769
4614 1996
4615 992
4616 3144
4617 2109
4618 6399
4619 3425
4620 4948
4621 4836
4622 2745
4623 1390
4624 4673
4625 2127
4626 1549
4627 3922
4628 3767
4629 4883
4630 849
4631 1844
4632 5439
4633 1522
4634 727
4635 767
4636 5221
4637 3132
4638 2014
4639 656
4640 1580
4641 3103
4642 3184
4643 4997
4644 4092
4645 4133
4646 5074
4647 3087
4648 3174
4649 5947
4650 4721
4651 4843
4652 403
4653 3192
4654 1880
4655 1331
4656 2207
4657 2698
4658 3178
4659 6065
4660 5909
4661 2794
4662 2101
4663 2203
4664 2376
4665 3011
4666 5390
4667 1702
4668 5057
4669 6293
4670 567
4671 6338
4672 4981
4673 4180
4674 834
4675 5723
4676 4415
4677 1030
4678 5345
4679 5634
4680 3473
4681 1452
4682 3055
4683 2938
4684 792
4685 3303
4686 4083
4687 2969
4688 5922
4689 1087
4690 1168
4691 5497
4692 5224
4693 2554
4694 319
4695 2743
4696 4205
4697 1895
4698 532
4699 1858
4700 6239
4701 5654
4702 5179
4703 1648
4704 2982
4705 119
4706 6281
4707 4565
4708 4500
4709 4327
4710 3330
4711 3613
4712 2854
4713 5095
4714 3994
4715 2240
4716 4342
4717 1118
4718 4546
4719 4360
4720 2523
4721 2195
4722 4899
4723 2724
4724 5748
4725 1563
4726 5063
4727 3110
4728 4084
4729 978
4730 3677
4731 2460
4732 1050
4733 5701
4734 4672
4735 4594
4736 2996
4737 134
4738 3349
4739 2305
4740 1965
4741 1184
4742 78
4743 698
4744 2617
4745 4946
4746 6285
4747 3891
4748 6045
4749 4057
4750 1936
4751 4745
4752 6335
4753 2301
4754 3629
4755 3757
4756 45
4757 3456
4758 5899
4759 4020
4760 2729
4761 4383
4762 2557
4763 3257
4764 4700
4765 4733
4766 6115
4767 4336
4768 4510
4769 5400
4770 3589
4771 5250
4772 2026
4773 1396
4774 3256
4775 5548
4776 1186
4777 6350
4778 4678
4779 1694
4780 3938
4781 137
4782 4916
4783 3321
4784 5917
4785 3792
4786 4622
4787 2125
4788 3531
4789 4819
4790 705
4791 3548
4792 2349
4793 2464
4794 4826
4795 4821
4796 89
4797 2271
4798 4273
4799 3500
4800 5476
4801 2542
4802 5688
4803 4461
4804 6080
4805 506
4806 353
4807 802
4808 5612
4809 5511
4810 6238
4811 865
4812 3481
4813 5466
4814 6021
4815 4984
4816 5421
4817 6277
4818 3856
4819 6177
4820 4764
4821 5860
4822 5115
4823 1617
4824 1925
4825 335
4826 3680
4827 2998
4828 3733
4829 897
4830 1509
4831 535
4832 4269
4833 771
4834 3636
4835 5382
4836 829
4837 4914
4838 5710
4839 4761
4840 6108
4841 2804
4842 1924
4843 2838
4844 1764
4845 1058
4846 1489
4847 1461
4848 1941
4849 2352
4850 1336
4851 1854
4852 3009
4853 3224
4854 1524
4855 1589
4856 5977
4857 317
4858 3549
4859 848
4860 2421
4861 2760
4862 5226
4863 687
4864 4741
4865 3187
4866 52
4867 1894
4868 4816
4869 102
4870 3968
4871 4956
4872 2042
4873 4669
4874 5107
4875 4215
4876 1078
4877 1004
4878 5526
4879 5707
4880 5896
4881 3727
4882 6342
4883 6455
4884 399
4885 6446
4886 3539
4887 6178
4888 5925
4889 623
4890 5246
4891 3614
4892 569
4893 2090
4894 2383
4895 1819
4896 4925
4897 2385
4898 1332
4899 4519
4900 2650
4901 1989
4902 2325
4903 6392
4904 4339
4905 6267
4906 5754
4907 3686
4908 3596
4909 5856
4910 4146
4911 4410
4912 4940
4913 1795
4914 5277
4915 286
4916 2309
4917 1597
4918 1836
4919 4459
4920 2972
4921 313
4922 233
4923 4882
4924 2531
4925 6094
4926 763
4927 2287
4928 5672
4929 4156
4930 4629
4931 4691
4932 4449
4933 3285
4934 2416
4935 6196
4936 3150
4937 713
4938 4707
4939 559
4940 4614
4941 4244
4942 2503
4943 3790
4944 966
4945 2876
4946 5841
4947 6040
4948 2469
4949 2831
4950 3778
4951 1341
4952 1072
4953 1117
4954 5342
4955 4363
4956 4277
4957 6004
4958 5768
4959 2534
4960 2448
4961 5375
4962 4261
4963 6431
4964 5131
4965 2170
4966 6274
4967 554
4968 3621
4969 6162
4970 2403
4971 4408
4972 363
4973 2663
4974 5166
4975 2046
4976 2036
4977 4649
4978 2327
4979 6099
4980 3113
4981 5378
4982 1611
4983 5148
4984 260
4985 3243
4986 2452
4987 2779
4988 2863
4989 4671
4990 724
4991 4040
4992 4391
4993 2375
4994 5647
4995 4542
4996 2647
4997 1835
4998 2491
4999 2606
5000 3329
5001 5132
5002 4440
5003 4164
5004 2160
5005 3831
5006 3799
5007 2138
5008 1308
5009 5561
5010 43
5011 1222
5012 44
5013 4808
5014 2811
5015 4271
5016 2152
5017 1034
5018 5233
5019 2570
5020 3766
5021 1105
5022 2777
5023 2615
5024 2562
5025 6106
5026 2541
5027 1302
5028 6060
5029 241
5030 4676
5031 1988
5032 3625
5033 4229
5034 5048
5035 2437
5036 4231
5037 2944
5038 1553
5039 4471
5040 3806
5041 2530
5042 307
5043 1592
5044 6409
5045 1155
5046 963
5047 6452
5048 1689
5049 2527
5050 3898
5051 3133
5052 5402
5053 3017
5054 2084
5055 30
5056 1892
5057 1125
5058 778
5059 3091
5060 3483
5061 2206
5062 2116
5063 5638
5064 577
5065 1863
5066 6280
5067 5318
5068 883
5069 2655
5070 1153
5071 1119
5072 2850
5073 3355
5074 4218
5075 5900
5076 6287
5077 638
5078 3449
5079 558
5080 5260
5081 5500
5082 4027
5083 4891
5084 2685
5085 3688
5086 1660
5087 5399
5088 669
5089 106
5090 5948
5091 552
5092 2229
5093 3659
5094 3544
5095 6059
5096 2990
5097 1817
5098 3872
5099 4370
5100 4326
5101 1487
5102 3560
5103 4632
5104 3100
5105 4118
5106 3414
5107 4174
5108 6339
5109 5635
5110 4954
5111 723
5112 2736
5113 2970
5114 5868
5115 2762
5116 5943
5117 2525
5118 4291
5119 5295
5120 3586
5121 4004
5122 201
5123 3921
5124 6376
5125 4720
5126 5112
5127 5890
5128 6451
5129 2927
5130 1068
5131 4098
5132 4868
5133 36
5134 68
5135 5108
5136 3173
5137 5039
5138 5665
5139 1752
5140 5871
5141 3702
5142 6374
5143 2533
5144 4911
5145 4369
5146 3949
5147 2210
5148 3784
5149 5588
5150 845
5151 982
5152 1867
5153 4101
5154 543
5155 4167
5156 5241
5157 847
5158 1001
5159 4574
5160 4768
5161 4321
5162 2599
5163 4285
5164 2772
5165 841
5166 5362
5167 3028
5168 4235
5169 813
5170 3673
5171 3147
5172 6353
5173 5494
5174 6009
5175 4140
5176 357
5177 40
5178 4961
5179 2083
5180 4451
5181 2043
5182 5992
5183 2165
5184 2710
5185 1137
5186 5942
5187 2192
5188 1173
5189 3088
5190 1141
5191 5645
5192 1315
5193 5719
5194 4828
5195 6222
5196 5694
5197 2884
5198 412
5199 4022
5200 4388
5201 1768
5202 3640
5203 2097
5204 1712
5205 5698
5206 2515
5207 5383
5208 1146
5209 3708
5210 1057
5211 5855
5212 936
5213 3931
5214 5446
5215 3388
5216 2295
5217 4189
5218 4850
5219 4776
5220 1898
5221 3391
5222 1176
5223 1732
5224 2965
5225 791
5226 167
5227 4757
5228 2455
5229 2388
5230 2988
5231 2919
5232 173
5233 1877
5234 5946
5235 4847
5236 4562
5237 3417
5238 4963
5239 6242
5240 3628
5241 633
5242 2686
5243 4659
5244 5951
5245 5336
5246 605
5247 5090
5248 5640
5249 5341
5250 4564
5251 3183
5252 3013
5253 3535
5254 3494
5255 4249
5256 2911
5257 3154
5258 984
5259 2501
5260 3909
5261 4184
5262 693
5263 3864
5264 6302
5265 1245
5266 4593
5267 4035
5268 3393
5269 2328
5270 921
5271 6208
5272 1864
5273 3505
5274 1647
5275 5593
5276 1020
5277 2041
5278 6373
5279 516
5280 692
5281 2660
5282 5728
5283 3609
5284 4470
5285 967
5286 3452
5287 3366
5288 4105
5289 1479
5290 3707
5291 6089
5292 5317
5293 3814
5294 351
5295 1598
5296 5751
5297 5434
5298 6076
5299 6413
5300 392
5301 1144
5302 787
5303 3221
5304 979
5305 6401
5306 4113
5307 5554
5308 2156
5309 4169
5310 1882
5311 1583
5312 2520
5313 4910
5314 5633
5315 2636
5316 5842
5317 6181
5318 815
5319 2239
5320 6017
5321 4586
5322 3577
5323 4095
5324 6144
5325 3470
5326 3638
5327 263
5328 4248
5329 5269
5330 1210
5331 2536
5332 3652
5333 3318
5334 2049
5335 3327
5336 957
5337 3317
5338 2276
5339 3756
5340 3004
5341 1994
5342 3933
5343 4798
5344 4765
5345 6022
5346 2143
5347 1370
5348 1296
5349 4318
5350 1239
5351 3026
5352 4274
5353 2243
5354 689
5355 2117
5356 4486
5357 5926
5358 1480
5359 2190
5360 3906
5361 553
5362 5895
5363 4478
5364 537
5365 5349
5366 6098
5367 2032
5368 4506
5369 5480
5370 4749
5371 1975
5372 2984
5373 4654
5374 2371
5375 2560
5376 2659
5377 2690
5378 6231
5379 2941
5380 114
5381 2139
5382 1083
5383 5539
5384 1916
5385 737
5386 6360
5387 2278
5388 1067
5389 4445
5390 3752
5391 1430
5392 4307
5393 1485
5394 6262
5395 1412
5396 6225
5397 3433
5398 1982
5399 5430
5400 4722
5401 5292
5402 1458
5403 2588
5404 3280
5405 3457
5406 299
5407 5515
5408 1841
5409 3379
5410 985
5411 2241
5412 4515
5413 480
5414 530
5415 1140
5416 3005
5417 3834
5418 3104
5419 2901
5420 2509
5421 566
5422 524
5423 2926
5424 1649
5425 2546
5426 5596
5427 6131
5428 6290
5429 3821
5430 2983
5431 613
5432 4746
5433 4479
5434 1806
5435 1062
5436 1555
5437 4216
5438 6103
5439 974
5440 2434
5441 1208
5442 3138
5443 4059
5444 2713
5445 2640
5446 4283
5447 5777
5448 1449
5449 1348
5450 4012
5451 5834
5452 4245
5453 2954
5454 3706
5455 3651
5456 3571
5457 1531
5458 6331
5459 6332
5460 2761
5461 5343
5462 4796
5463 6418
5464 1203
5465 6366
5466 910
5467 2665
5468 2051
5469 1684
5470 5528
5471 1297
5472 2343
5473 6433
5474 827
5475 4376
5476 2484
5477 4894
5478 3427
5479 2945
5480 4760
5481 5134
5482 5076
5483 4793
5484 227
5485 886
5486 5359
5487 3635
5488 1514
5489 1962
5490 5389
5491 3407
5492 5902
5493 1384
5494 5242
5495 1750
5496 968
5497 2113
5498 2217
5499 3926
5500 867
5501 5771
5502 5397
5503 3245
5504 5239
5505 6035
5506 5767
5507 4698
5508 6372
5509 4551
5510 2019
5511 4257
5512 3932
5513 2071
5514 4301
5515 5368
5516 4511
5517 5828
5518 1658
5519 4190
5520 3354
5521 1928
5522 5496
5523 3160
5524 21
5525 64
5526 2251
5527 3693
5528 4463
5529 3171
5530 5844
5531 2485
5532 3412
5533 4912
5534 6126
5535 4536
5536 5372
5537 343
5538 4493
5539 2578
5540 4357
5541 2574
5542 3758
5543 6450
5544 5934
5545 6248
5546 3653
5547 903
5548 4325
5549 1893
5550 140
5551 3289
5552 1711
5553 1910
5554 3194
5555 5329
5556 2593
5557 1281
5558 4580
5559 1986
5560 4855
5561 3828
5562 4898
5563 3476
5564 5067
5565 2639
5566 5088
5567 6427
5568 649
5569 1385
5570 1666
5571 1442
5572 2695
5573 5106
5574 4675
5575 4062
5576 1434
5577 3700
5578 4693
5579 6016
5580 245
5581 5335
5582 444
5583 156
5584 1663
5585 3180
5586 5498
5587 6183
5588 1591
5589 5610
5590 2930
5591 4833
5592 703
5593 2168
5594 1071
5595 1351
5596 1263
5597 1029
5598 4571
5599 915
5600 2693
5601 4590
5602 4076
5603 593
5604 1826
5605 5969
5606 1079
5607 1805
5608 5824
5609 6298
5610 6171
5611 1896
5612 3816
5613 3801
5614 1625
5615 3594
5616 5392
5617 4585
5618 5306
5619 1938
5620 5443
5621 1446
5622 5829
5623 1171
5624 3840
5625 1380
5626 6114
5627 5080
5628 2449
5629 3006
5630 2364
5631 4349
5632 1730
5633 3854
5634 615
5635 2683
5636 4851
5637 2439
5638 2070
5639 490
5640 1473
5641 5533
5642 1829
5643 4788
5644 4806
5645 418
5646 5380
5647 3858
5648 5531
5649 4807
5650 4011
5651 679
5652 4917
5653 6453
5654 3882
5655 4255
5656 1209
5657 4413
5658 222
5659 2497
5660 3335
5661 585
5662 5455
5663 3768
5664 2799
5665 3270
5666 3424
5667 5136
5668 4792
5669 5060
5670 4302
5671 5914
5672 1084
5673 701
5674 3526
5675 3323
5676 4930
5677 4213
5678 4523
5679 2920
5680 1350
5681 4744
5682 3623
5683 568
5684 5157
5685 2951
5686 6232
5687 2870
5688 757
5689 3936
5690 3063
5691 4279
5692 272
5693 2889
5694 1929
5695 419
5696 6315
5697 2081
5698 4135
5699 1211
5700 4827
5701 2958
5702 3331
5703 4701
5704 4480
5705 5196
5706 366
5707 3691
5708 671
5709 2405
5710 4724
5711 4217
5712 4365
5713 5351
5714 1543
5715 3554
5716 736
5717 6211
5718 525
5719 2220
5720 660
5721 5700
5722 6209
5723 198
5724 2718
5725 5687
5726 4106
5727 5364
5728 359
5729 3450
5730 379
5731 1253
5732 1007
5733 5920
5734 5836
5735 612
5736 2628
5737 5543
5738 385
5739 1888
5740 481
5741 5679
5742 4492
5743 6340
5744 3849
5745 4247
5746 6142
5747 5781
5748 5987
5749 2906
5750 2189
5751 3620
5752 4132
5753 4907
5754 2249
5755 5799
5756 6436
5757 3619
5758 3155
5759 6416
5760 2499
5761 4699
5762 5128
5763 1656
5764 111
5765 5040
5766 5960
5767 941
5768 6247
5769 4708
5770 6011
5771 1690
5772 1333
5773 2004
5774 4919
5775 1394
5776 1145
5777 1264
5778 5550
5779 784
5780 1129
5781 5522
5782 5713
5783 3489
5784 5609
5785 1258
5786 5810
5787 2259
5788 4604
5789 1042
5790 1311
5791 1788
5792 1949
5793 3617
5794 2141
5795 2413
5796 4460
5797 4173
5798 4865
5799 637
5800 5234
5801 3152
5802 1312
5803 82
5804 1231
5805 1092
5806 3718
5807 4048
5808 3405
5809 2123
5810 5232
5811 6296
5812 2354
5813 2878
5814 5051
5815 3036
5816 2458
5817 6039
5818 5908
5819 3650
5820 3550
5821 927
5822 3387
5823 4774
5824 6408
5825 1252
5826 3907
5827 4477
5828 2868
5829 6010
5830 2516
5831 4888
5832 5974
5833 5564
5834 541
5835 5216
5836 3561
5837 1837
5838 6172
5839 3883
5840 2832
5841 712
5842 3782
5843 853
5844 3206
5845 1337
5846 4705
5847 3265
5848 3884
5849 5478
5850 6468
5851 3465
5852 2187
5853 945
5854 5032
5855 6349
5856 479
5857 4902
5858 4099
5859 5110
5860 1102
5861 443
5862 1697
5863 1770
5864 1626
5865 414
5866 3462
5867 3141
5868 3172
5869 5009
5870 4028
5871 4450
5872 3077
5873 5981
5874 326
5875 1761
5876 4641
5877 2653
5878 5403
5879 4591
5880 4945
5881 5175
5882 1753
5883 3508
5884 2072
5885 3565
5886 5689
5887 6092
5888 3506
5889 250
5890 5839
5891 6304
5892 4856
5893 5652
5894 5150
5895 4141
5896 3059
5897 5786
5898 4973
5899 2727
5900 2474
5901 4548
5902 5029
5903 6133
5904 4352
5905 4170
5906 2885
5907 6191
5908 4147
5909 1748
5910 2857
5911 3215
5912 269
5913 2488
5914 2024
5915 1169
5916 4353
5917 3521
5918 4379
5919 5427
5920 896
5921 3396
5922 1295
5923 5686
5924 5310
5925 5082
5926 1810
5927 2790
5928 3279
5929 2119
5930 1233
5931 912
5932 4330
5933 2592
5934 5193
5935 2691
5936 5503
5937 90
5938 6135
5939 3082
5940 1721
5941 3292
5942 3490
5943 2136
5944 5312
5945 4870
5946 1682
5947 2735
5948 3365
5949 1035
5950 6432
5951 3216
5952 4066
5953 3008
5954 6082
5955 3597
5956 3717
5957 5171
5958 3777
5959 5433
5960 1762
5961 6158
5962 2704
5963 4502
5964 4839
5965 5141
5966 1112
5967 1499
5968 4797
5969 4061
5970 5731
5971 3780
5972 37
5973 6036
5974 1715
5975 634
5976 4054
5977 2368
5978 1300
5979 3654
5980 2746
5981 5853
5982 2763
5983 868
5984 5092
5985 1478
5986 2626
5987 5065
5988 4052
5989 673
5990 1790
5991 1879
5992 1519
5993 3497
5994 2849
5995 517
5996 4967
5997 5377
5998 2209
5999 1516
6000 1921
6001 3080
6002 196
6003 2908
6004 4834
6005 1416
6006 1792
6007 2583
6008 876
6009 3742
6010 5600
6011 1868
6012 4735
6013 3950
6014 1939
6015 5924
6016 349
6017 4895
6018 652
6019 1772
6020 3383
6021 4219
6022 721
6023 1402
6024 3853
6025 2264
6026 4400
6027 890
6028 3037
6029 4204
6030 2194
6031 1420
6032 2764
6033 844
6034 1981
6035 1128
6036 2971
6037 1028
6038 3308
6039 1066
6040 1574
6041 2393
6042 5789
6043 4003
6044 5774
6045 761
6046 4340
6047 6081
6048 1175
6049 2370
6050 742
6051 5866
6052 2482
6053 1765
6054 3973
6055 1812
6056 1133
6057 6236
6058 5556
6059 4715
6060 3848
6061 1707
6062 4315
6063 5808
6064 4835
6065 5457
6066 355
6067 6109
6068 5225
6069 1256
6070 2768
6071 6276
6072 1813
6073 2235
6074 6234
6075 3967
6076 4805
6077 3109
6078 4202
6079 3153
6080 717
6081 2561
6082 5044
6083 5261
6084 4563
6085 2178
6086 2903
6087 5281
6088 3400
6089 2812
6090 291
6091 4096
6092 4344
6093 32
6094 5875
6095 221
6096 5007
6097 2877
6098 320
6099 4021
6100 5973
6101 4404
6102 3495
6103 3176
6104 4187
6105 4104
6106 4127
6107 5616
6108 5000
6109 3376
6110 3284
6111 2201
6112 2135
6113 473
6114 3419
6115 292
6116 5238
6117 2357
6118 2402
6119 2537
6120 954
6121 3695
6122 2096
6123 6154
6124 3032
6125 880
6126 3802
6127 2989
6128 5795
6129 3585
6130 5637
6131 6207
6132 997
6133 1288
6134 1747
6135 5041
6136 2861
6137 3123
6138 2942
6139 1193
6140 538
6141 5935
6142 1037
6143 1705
6144 2566
6145 3634
6146 97
6147 4784
6148 5859
6149 4116
6150 1488
6151 2307
6152 2751
6153 556
6154 6356
6155 1426
6156 2912
6157 3098
6158 234
6159 2245
6160 3118
6161 2507
6162 2171
6163 4160
6164 1232
6165 3606
6166 6253
6167 5668
6168 592
6169 3281
6170 4423
6171 3915
6172 6084
6173 4823
6174 4545
6175 1857
6176 5419
6177 6313
6178 1513
6179 3889
6180 1376
6181 6034
6182 6029
6183 2589
6184 5214
6185 2153
6186 4736
6187 3002
6188 931
6189 300
6190 610
6191 6388
6192 4230
6193 2389
6194 4915
6195 2658
6196 4236
6197 3182
6198 425
6199 4289
6200 6173
6201 1955
6202 2281
6203 6012
6204 6325
6205 714
6206 3416
6207 1080
6208 1018
6209 5620
6210 5263
6211 2867
6212 6471
6213 5404
6214 5366
6215 4
6216 1751
6217 860
6218 3226
6219 5328
6220 3769
6221 1676
6222 1207
6223 4877
6224 3156
6225 3050
6226 5313
6227 735
6228 6393
6229 930
6230 4019
6231 2584
6232 2708
6233 4115
6234 5843
6235 2290
6236 2618
6237 2145
6238 5035
6239 4275
6240 6053
6241 5653
6242 1729
6243 5096
6244 4743
6245 6031
6246 6330
6247 1603
6248 2888
6249 1090
6250 218
6251 6467
6252 4293
6253 6327
6254 2637
6255 709
6256 1349
6257 2886
6258 3647
6259 1874
6260 956
6261 3142
6262 5814
6263 2444
6264 1262
6265 1638
6266 4181
6267 2074
6268 5570
6269 3249
6270 2798
6271 2962
6272 2023
6273 1244
6274 716
6275 428
6276 5627
6277 3121
6278 4838
6279 94
6280 3662
6281 259
6282 2412
6283 61
6284 4446
6285 1786
6286 1189
6287 5846
6288 6149
6289 710
6290 5203
6291 3068
6292 646
6293 308
6294 4263
6295 3134
6296 1327
6297 1627
6298 2571
6299 4520
6300 2284
6301 5625
6302 3965
6303 5579
6304 1661
6305 5143
6306 4221
6307 3166
6308 3819
6309 4985
6310 5202
6311 3210
6312 181
6313 2205
6314 3202
6315 5180
6316 1899
6317 5137
6318 3773
6319 1590
6320 682
6321 3879
6322 172
6323 5365
6324 1046
6325 4623
6326 786
6327 1032
6328 4364
6329 3541
6330 2099
6331 4094
6332 2976
6333 2015
6334 3669
6335 999
6336 6328
6337 3862
6338 4246
6339 5068
6340 5784
6341 1170
6342 1017
6343 295
6344 1703
6345 4284
6346 639
6347 4653
6348 891
6349 3014
6350 720
6351 5449
6352 616
6353 4024
6354 4134
6355 5885
6356 5772
6357 1641
6358 1571
6359 772
6360 4853
6361 1399
6362 3145
6363 160
6364 5952
6365 6324
6366 1237
6367 1536
6368 5188
6369 271
6370 1525
6371 2758
6372 5675
6373 378
6374 2625
6375 3712
6376 2684
6377 265
6378 347
6379 2620
6380 4294
6381 5884
6382 5435
6383 4260
6384 3591
6385 2839
6386 932
6387 1326
6388 4730
6389 4734
6390 142
6391 2577
6392 1861
6393 5583
6394 4171
6395 3781
6396 3496
6397 1915
6398 4161
6399 2624
6400 4366
6401 1139
6402 2020
6403 573
6404 3729
6405 684
6406 4434
6407 1766
6408 1643
6409 5354
6410 533
6411 4401
6412 5782
6413 6090
6414 3871
6415 661
6416 5194
6417 3003
6418 6107
6419 6224
6420 1214
6421 4144
6422 4876
6423 2666
6424 2614
6425 5598
6426 1428
6427 2219
6428 4968
6429 6200
6430 4704
6431 2904
6432 3162
6433 5030
6434 3237
6435 2522
6436 1491
6437 3532
6438 29
6439 4030
6440 2789
6441 2999
6442 2717
6443 889
6444 624
6445 2633
6446 631
6447 1192
6448 2391
6449 2339
6450 964
6451 5551
6452 3204
6453 3051
6454 3808
6455 3558
6456 2657
6457 4779
6458 3641
6459 1505
6460 875
6461 1496
6462 2131
6463 2332
6464 2757
6465 1609
6466 1614
6467 1279
6468 1242
6469 1494
6470 2361
6471 1586
6472 2733
6473 1997