4941
0 3075
1 3652
2 4717
3 3389
4 4929
5 1716
6 3562
7 1709
8 4091
9 3530
10 2950
11 4531
12 500
13 2349
14 385
15 2432
16 737
17 419
18 195
19 3910
20 4278
21 4573
22 1797
23 3585
24 2300
25 4639
26 1439
27 1154
28 927
29 13
30 4521
31 664
32 4206
33 2260
34 2669
35 165
36 2141
37 3317
38 624
39 2536
40 3196
41 2139
42 4892
43 4936
44 2160
45 3306
46 2732
47 2728
48 4625
49 1383
50 4376
51 3543
52 3039
53 4177
54 1842
55 2117
56 705
57 4043
58 2376
59 920
60 739
61 1818
62 667
63 1850
64 1442
65 2023
66 42
67 3382
68 588
69 2534
70 2000
71 2443
72 1364
73 513
74 2575
75 4771
76 4428
77 1869
78 3139
79 1844
80 1011
81 652
82 4288
83 2346
84 3772
85 686
86 3333
87 1155
88 3813
89 1805
90 1802
91 989
92 1649
93 4857
94 3877
95 114
96 3076
97 3688
98 84
99 2262
100 1650
101 3720
102 1354
103 2503
104 738
105 2204
106 4526
107 3049
108 2325
109 2003
110 2788
111 1622
112 3964
113 1936
114 3012
115 3919
116 2727
117 4363
118 1910
119 92
120 3213
121 547
122 885
123 3525
124 2591
125 1459
126 2004
127 898
128 2985
129 2006
130 156
131 3235
132 4370
133 3936
134 585
135 4899
136 4773
137 1195
138 511
139 1144
140 3873
141 357
142 1345
143 4624
144 1116
145 684
146 1068
147 4895
148 3036
149 1695
150 2685
151 4747
152 1235
153 374
154 4564
155 1676
156 2153
157 303
158 4260
159 1294
160 1885
161 1106
162 261
163 487
164 4915
165 3633
166 1370
167 1062
168 2557
169 489
170 4663
171 290
172 1214
173 2019
174 2954
175 8
176 1378
177 2113
178 3338
179 3327
180 4744
181 608
182 4070
183 2096
184 3279
185 2858
186 4496
187 2679
188 2409
189 4728
190 4384
191 1194
192 3418
193 4082
194 498
195 4369
196 4046
197 4355
198 524
199 2861
200 3667
201 2433
202 1789
203 955
204 1719
205 2124
206 4149
207 4157
208 4523
209 4465
210 4170
211 4716
212 354
213 4673
214 3905
215 0
216 4649
217 4065
218 3856
219 3743
220 1678
221 3069
222 2456
223 2232
224 519
225 1945
226 468
227 2578
228 1355
229 246
230 3580
231 1113
232 4414
233 1166
234 906
235 4553
236 3037
237 2541
238 2520
239 1318
240 2422
241 1300
242 3067
243 2744
244 2743
245 1735
246 1455
247 709
248 284
249 1169
250 302
251 625
252 1168
253 1993
254 3065
255 2558
256 211
257 1605
258 1540
259 4508
260 813
261 3442
262 962
263 2424
264 2577
265 2566
266 1663
267 3192
268 3055
269 2946
270 3259
271 3546
272 2276
273 2136
274 3084
275 2872
276 2891
277 23
278 2082
279 1575
280 3250
281 1158
282 4845
283 4641
284 3705
285 2181
286 232
287 1674
288 3233
289 1121
290 3523
291 1648
292 4027
293 2992
294 1515
295 4729
296 3363
297 314
298 4282
299 2768
300 3242
301 2350
302 985
303 58
304 3330
305 2183
306 4225
307 2071
308 3248
309 1332
310 4266
311 3416
312 293
313 1416
314 113
315 3479
316 2927
317 1611
318 2825
319 40
320 85
321 2986
322 1277
323 330
324 2434
325 112
326 1013
327 2857
328 4345
329 610
330 1579
331 974
332 2086
333 1790
334 3022
335 3753
336 2089
337 1612
338 1074
339 2518
340 2298
341 2230
342 4906
343 1623
344 3166
345 496
346 3833
347 3219
348 1362
349 3649
350 2189
351 1404
352 123
353 4596
354 607
355 968
356 56
357 1963
358 1959
359 78
360 2678
361 2966
362 332
363 4568
364 1
365 3189
366 1699
367 2675
368 1746
369 3120
370 2990
371 4902
372 1380
373 3610
374 2796
375 3727
376 3866
377 2465
378 4632
379 4383
380 336
381 4703
382 1509
383 3931
384 243
385 1638
386 397
387 2656
388 2887
389 4545
390 301
391 3464
392 3653
393 615
394 1569
395 412
396 1617
397 3548
398 4912
399 2345
400 109
401 2029
402 54
403 3808
404 550
405 1972
406 4248
407 2072
408 4204
409 766
410 4603
411 2098
412 4182
413 1430
414 3265
415 1287
416 1843
417 1961
418 2554
419 334
420 1870
421 1444
422 1152
423 2939
424 1319
425 2704
426 3397
427 3292
428 3112
429 4351
430 582
431 4025
432 774
433 849
434 304
435 3140
436 3741
437 4768
438 639
439 4324
440 4097
441 2913
442 75
443 1502
444 377
445 4357
446 3945
447 3018
448 2341
449 462
450 3312
451 2406
452 3311
453 4134
454 2911
455 3659
456 2115
457 4669
458 4784
459 2734
460 4274
461 2269
462 4321
463 2634
464 3212
465 3392
466 2921
467 3724
468 2180
469 3162
470 940
471 4757
472 3521
473 3071
474 1100
475 102
476 264
477 3301
478 4780
479 2693
480 4308
481 2585
482 1137
483 3954
484 1964
485 3358
486 571
487 1008
488 3917
489 2550
490 3693
491 3666
492 3086
493 4772
494 1898
495 1160
496 4733
497 1191
498 2452
499 3107
500 1117
501 1007
502 3801
503 1784
504 3435
505 3657
506 3035
507 628
508 4291
509 943
510 523
511 3459
512 551
513 1133
514 1275
515 3316
516 1670
517 3406
518 1998
519 2261
520 317
521 3377
522 619
523 437
524 4445
525 4833
526 3751
527 2176
528 2835
529 4516
530 3933
531 1534
532 633
533 4626
534 3343
535 1452
536 4214
537 4431
538 1049
539 2908
540 2625
541 1385
542 2458
543 3033
544 4166
545 2397
546 2903
547 2036
548 1800
549 840
550 3664
551 2388
552 408
553 1443
554 3439
555 3746
556 1192
557 2898
558 1592
559 4290
560 834
561 4047
562 2005
563 3016
564 231
565 1447
566 4330
567 4427
568 4580
569 508
570 1377
571 2321
572 1081
573 837
574 137
575 1222
576 1165
577 794
578 847
579 4806
580 367
581 1516
582 3840
583 2037
584 1114
585 1570
586 70
587 2920
588 1063
589 1589
590 4826
591 1604
592 448
593 230
594 3655
595 3081
596 4691
597 720
598 4388
599 1286
600 10
601 939
602 1005
603 292
604 1257
605 1942
606 3387
607 2787
608 2682
609 3695
610 4759
611 310
612 2336
613 2871
614 3836
615 3529
616 205
617 3217
618 3570
619 1878
620 1986
621 476
622 2702
623 1324
624 3152
625 814
626 52
627 2315
628 574
629 3335
630 1016
631 3476
632 2118
633 2726
634 3867
635 322
636 2889
637 2200
638 1405
639 2018
640 454
641 501
642 459
643 2109
644 346
645 4130
646 816
647 3996
648 3787
649 2601
650 2687
651 457
652 4561
653 915
654 1824
655 3157
656 2967
657 4051
658 3274
659 2007
660 153
661 2571
662 4574
663 1488
664 1820
665 3576
666 1590
667 318
668 3789
669 1883
670 2244
671 3748
672 4590
673 1728
674 1250
675 2466
676 4405
677 3537
678 1691
679 3273
680 3730
681 3203
682 3731
683 4893
684 2313
685 4144
686 2942
687 4347
688 3932
689 2339
690 1654
691 4207
692 621
693 3929
694 902
695 2606
696 3532
697 4900
698 4074
699 439
700 911
701 4525
702 4430
703 1053
704 3380
705 2747
706 1247
707 4192
708 4877
709 1881
710 2154
711 2224
712 866
713 724
714 4453
715 3174
716 3281
717 4265
718 4785
719 2231
720 2011
721 378
722 1636
723 1036
724 647
725 3228
726 675
727 1884
728 4572
729 4391
730 1571
731 1379
732 2435
733 3735
734 4395
735 3989
736 2094
737 522
738 3593
739 285
740 1921
741 4336
742 2868
743 1944
744 3304
745 4721
746 2450
747 320
748 1832
749 2941
750 2116
751 2367
752 1987
753 4853
754 1175
755 703
756 1276
757 3586
758 4380
759 1745
760 3402
761 959
762 2694
763 835
764 3290
765 3878
766 4013
767 1088
768 1317
769 3595
770 4470
771 827
772 3177
773 483
774 3615
775 3637
776 1159
777 4156
778 1630
779 3445
780 249
781 4651
782 3853
783 1225
784 1307
785 1419
786 1486
787 1251
788 2186
789 2155
790 1981
791 3794
792 268
793 2237
794 2316
795 2573
796 1295
797 2505
798 3930
799 1409
800 1268
801 4544
802 4008
803 4920
804 811
805 1889
806 2832
807 790
808 3357
809 3042
810 917
811 4
812 4325
813 1438
814 3352
815 3149
816 1609
817 2922
818 614
819 1726
820 2654
821 2125
822 3894
823 4305
824 1353
825 4758
826 1965
827 2638
828 2539
829 4003
830 3975
831 2834
832 1483
833 3477
834 4258
835 3188
836 1183
837 869
838 4805
839 4077
840 1677
841 4196
842 3168
843 1313
844 2440
845 2318
846 674
847 2538
848 1209
849 2810
850 4481
851 4492
852 2427
853 1775
854 4371
855 3535
856 191
857 3291
858 3907
859 1084
860 2884
861 666
862 4783
863 2015
864 3405
865 2137
866 4934
867 3226
868 1810
869 2569
870 3167
871 650
872 1244
873 3285
874 407
875 516
876 4333
877 2106
878 864
879 4071
880 2958
881 3897
882 3944
883 1958
884 1773
885 1996
886 1360
887 2661
888 2218
889 2817
890 167
891 4586
892 2912
893 1073
894 2342
895 4256
896 1627
897 1673
898 1025
899 2021
900 1727
901 1616
902 2670
903 4789
904 3995
905 3063
906 3125
907 4676
908 3542
909 4830
910 2284
911 3635
912 1847
913 3207
914 4843
915 4124
916 3553
917 2845
918 2497
919 2807
920 1655
921 1104
922 1514
923 3401
924 227
925 1365
926 3444
927 1226
928 2767
929 988
930 2426
931 450
932 1989
933 458
934 3251
935 2730
936 2905
937 3509
938 3064
939 279
940 18
941 3738
942 2259
943 2555
944 3491
945 783
946 150
947 2978
948 4551
949 3998
950 1740
951 2713
952 1115
953 673
954 4734
955 2179
956 2893
957 1193
958 826
959 1065
960 1044
961 73
962 4203
963 110
964 1338
965 4567
966 171
967 3629
968 1094
969 4741
970 4152
971 3604
972 356
973 2375
974 3496
975 166
976 3440
977 1336
978 2540
979 3937
980 2148
981 960
982 1700
983 2842
984 2150
985 4028
986 1562
987 214
988 655
989 399
990 442
991 755
992 3844
993 4555
994 4760
995 769
996 183
997 3494
998 4931
999 1142
1000 2833
1001 3366
1002 4618
1003 1161
1004 4209
1005 3607
1006 1796
1007 4239
1008 2158
1009 1140
1010 1897
1011 713
1012 922
1013 1344
1014 1285
1015 4344
1016 76
1017 3231
1018 1333
1019 3326
1020 497
1021 2492
1022 1780
1023 1948
1024 690
1025 193
1026 4788
1027 2586
1028 2078
1029 133
1030 4635
1031 4933
1032 1661
1033 3099
1034 4218
1035 2952
1036 908
1037 1163
1038 4554
1039 4002
1040 4858
1041 2161
1042 2093
1043 4198
1044 3043
1045 874
1046 829
1047 2581
1048 30
1049 1531
1050 4745
1051 371
1052 4860
1053 3041
1054 4814
1055 3795
1056 1904
1057 1720
1058 4913
1059 4505
1060 3278
1061 3623
1062 1639
1063 595
1064 1308
1065 613
1066 1705
1067 552
1068 3641
1069 4874
1070 2856
1071 4392
1072 3045
1073 477
1074 3774
1075 63
1076 4055
1077 3475
1078 2853
1079 338
1080 4084
1081 3100
1082 409
1083 3262
1084 5
1085 1087
1086 391
1087 1834
1088 1314
1089 253
1090 3113
1091 2206
1092 2383
1093 4601
1094 2789
1095 557
1096 2295
1097 4219
1098 1821
1099 1024
1100 4695
1101 3625
1102 1822
1103 4000
1104 299
1105 4409
1106 1479
1107 3640
1108 1554
1109 3153
1110 4498
1111 4754
1112 3332
1113 977
1114 1865
1115 677
1116 4309
1117 1118
1118 4016
1119 611
1120 2238
1121 2489
1122 2123
1123 535
1124 1662
1125 1919
1126 1271
1127 768
1128 55
1129 4787
1130 4455
1131 2045
1132 3798
1133 4389
1134 2605
1135 3650
1136 1826
1137 4607
1138 3404
1139 3172
1140 2753
1141 2477
1142 3101
1143 1828
1144 3713
1145 4854
1146 2752
1147 966
1148 1685
1149 4178
1150 4262
1151 1703
1152 1601
1153 1600
1154 1241
1155 4026
1156 3040
1157 3630
1158 4072
1159 1792
1160 2852
1161 2609
1162 2883
1163 2061
1164 4285
1165 1450
1166 4457
1167 3191
1168 1494
1169 1684
1170 1968
1171 2715
1172 3565
1173 2949
1174 2301
1175 3376
1176 2122
1177 626
1178 2831
1179 3851
1180 3739
1181 305
1182 3902
1183 2855
1184 3355
1185 700
1186 4135
1187 3744
1188 1787
1189 3369
1190 478
1191 1233
1192 4748
1193 3244
1194 2674
1195 69
1196 1906
1197 3310
1198 879
1199 3916
1200 727
1201 2859
1202 1449
1203 3003
1204 3169
1205 3483
1206 870
1207 4562
1208 3893
1209 3132
1210 4871
1211 3419
1212 3342
1213 2622
1214 1181
1215 3802
1216 1671
1217 4847
1218 2428
1219 1867
1220 277
1221 1384
1222 1093
1223 1260
1224 609
1225 4791
1226 2722
1227 1851
1228 4500
1229 4373
1230 963
1231 4045
1232 2527
1233 3331
1234 3986
1235 4094
1236 27
1237 1724
1238 4316
1239 4080
1240 1481
1241 4725
1242 2854
1243 3097
1244 2395
1245 4029
1246 2996
1247 1406
1248 3557
1249 4186
1250 1841
1251 4671
1252 1696
1253 456
1254 1915
1255 331
1256 3903
1257 2549
1258 365
1259 2733
1260 4653
1261 488
1262 3613
1263 3074
1264 1210
1265 3017
1266 2404
1267 2483
1268 1451
1269 1646
1270 4827
1271 2196
1272 1211
1273 4264
1274 1435
1275 1059
1276 2500
1277 4035
1278 3364
1279 4677
1280 4300
1281 3770
1282 3973
1283 1680
1284 934
1285 1610
1286 4100
1287 944
1288 758
1289 2664
1290 432
1291 1527
1292 1827
1293 4005
1294 2248
1295 3571
1296 1644
1297 1928
1298 995
1299 1743
1300 1625
1301 1830
1302 1529
1303 746
1304 4720
1305 4903
1306 4212
1307 1020
1308 1019
1309 787
1310 1578
1311 4199
1312 222
1313 2746
1314 1310
1315 4079
1316 3299
1317 2963
1318 1026
1319 2521
1320 4337
1321 896
1322 1132
1323 4862
1324 3618
1325 863
1326 1855
1327 2631
1328 2989
1329 3978
1330 1033
1331 2129
1332 1506
1333 1982
1334 2848
1335 2929
1336 4852
1337 3815
1338 1458
1339 3489
1340 2997
1341 1253
1342 4575
1343 1387
1344 59
1345 2784
1346 3309
1347 762
1348 1978
1349 3820
1350 3734
1351 1004
1352 3733
1353 396
1354 275
1355 3980
1356 3093
1357 3492
1358 2915
1359 2844
1360 4696
1361 4444
1362 4200
1363 4765
1364 326
1365 2637
1366 1149
1367 1469
1368 4253
1369 4533
1370 2498
1371 1201
1372 926
1373 3298
1374 702
1375 1656
1376 3760
1377 2899
1378 4359
1379 1368
1380 2142
1381 3431
1382 3914
1383 4339
1384 2559
1385 3627
1386 3414
1387 3773
1388 2060
1389 1022
1390 1124
1391 2617
1392 4801
1393 94
1394 2215
1395 2373
1396 2918
1397 1927
1398 2357
1399 1801
1400 4593
1401 1427
1402 1770
1403 3552
1404 2932
1405 3271
1406 3209
1407 415
1408 1256
1409 3639
1410 2981
1411 480
1412 1001
1413 3761
1414 1953
1415 770
1416 4277
1417 3981
1418 2594
1419 4101
1420 3591
1421 1518
1422 3484
1423 3673
1424 80
1425 4808
1426 4930
1427 3215
1428 1954
1429 3241
1430 1498
1431 4423
1432 4469
1433 1146
1434 4467
1435 2616
1436 676
1437 4714
1438 3225
1439 2441
1440 4205
1441 2243
1442 1029
1443 2721
1444 637
1445 2930
1446 975
1447 4802
1448 2431
1449 4571
1450 423
1451 986
1452 4766
1453 970
1454 1552
1455 3969
1456 3197
1457 115
1458 3294
1459 389
1460 3924
1461 3025
1462 4217
1463 4724
1464 804
1465 2216
1466 3019
1467 2425
1468 128
1469 717
1470 4547
1471 2737
1472 3602
1473 3682
1474 3611
1475 2108
1476 683
1477 3843
1478 2463
1479 2335
1480 1367
1481 4737
1482 929
1483 678
1484 4628
1485 4723
1486 1252
1487 4365
1488 3467
1489 2596
1490 3559
1491 4425
1492 798
1493 1647
1494 3091
1495 4490
1496 4418
1497 4540
1498 4406
1499 4661
1500 4597
1501 4816
1502 4749
1503 1170
1504 4865
1505 2468
1506 2173
1507 2804
1508 876
1509 889
1510 956
1511 1833
1512 1537
1513 1289
1514 3329
1515 434
1516 2479
1517 2464
1518 696
1519 2663
1520 2034
1521 2618
1522 384
1523 921
1524 373
1525 2059
1526 4569
1527 3950
1528 1312
1529 3409
1530 2659
1531 182
1532 918
1533 3837
1534 1403
1535 4730
1536 4477
1537 4683
1538 2896
1539 2253
1540 1339
1541 3308
1542 1311
1543 1095
1544 2010
1545 3293
1546 1464
1547 4102
1548 3048
1549 2040
1550 1941
1551 4881
1552 3375
1553 1462
1554 2496
1555 3977
1556 1835
1557 4154
1558 803
1559 3052
1560 680
1561 903
1562 3015
1563 1425
1564 2241
1565 2749
1566 344
1567 1274
1568 2039
1569 570
1570 4480
1571 2446
1572 3143
1573 2222
1574 534
1575 3598
1576 4283
1577 376
1578 4848
1579 4779
1580 3786
1581 1926
1582 1417
1583 4125
1584 1291
1585 638
1586 4235
1587 1909
1588 175
1589 3858
1590 410
1591 1895
1592 2337
1593 2514
1594 3365
1595 4341
1596 1293
1597 4478
1598 2846
1599 1528
1600 3201
1601 1495
1602 3367
1603 4374
1604 3513
1605 990
1606 424
1607 4397
1608 2953
1609 3697
1610 670
1611 733
1612 4197
1613 1375
1614 554
1615 155
1616 4818
1617 2785
1618 4032
1619 872
1620 2460
1621 3002
1622 4171
1623 2100
1624 4712
1625 507
1626 2552
1627 4822
1628 2067
1629 3600
1630 3550
1631 3661
1632 1184
1633 3951
1634 2888
1635 4642
1636 4142
1637 1949
1638 555
1639 3277
1640 3384
1641 217
1642 2689
1643 3717
1644 2769
1645 4099
1646 309
1647 646
1648 3983
1649 592
1650 3407
1651 3648
1652 4598
1653 3939
1654 4786
1655 4668
1656 1472
1657 3134
1658 2462
1659 3651
1660 262
1661 4563
1662 3146
1663 587
1664 2355
1665 3913
1666 3714
1667 3080
1668 360
1669 4796
1670 1572
1671 4798
1672 1755
1673 1737
1674 3014
1675 400
1676 1733
1677 2484
1678 1112
1679 479
1680 1148
1681 1565
1682 964
1683 491
1684 4017
1685 1782
1686 4176
1687 3319
1688 2975
1689 3777
1690 3860
1691 213
1692 3792
1693 1198
1694 2194
1695 1543
1696 2090
1697 4692
1698 3436
1699 4804
1700 4311
1701 4834
1702 3935
1703 3912
1704 831
1705 4889
1706 2642
1707 345
1708 4022
1709 2451
1710 1240
1711 3470
1712 1581
1713 1407
1714 580
1715 2652
1716 2051
1717 3606
1718 1836
1719 421
1720 3263
1721 4342
1722 1123
1723 335
1724 3800
1725 2754
1726 1182
1727 4313
1728 2647
1729 1145
1730 4437
1731 3628
1732 118
1733 1873
1734 9
1735 4024
1736 4048
1737 2201
1738 3089
1739 4803
1740 878
1741 1109
1742 4244
1743 2257
1744 429
1745 4623
1746 4162
1747 643
1748 2684
1749 494
1750 3750
1751 4868
1752 873
1753 1854
1754 2878
1755 3000
1756 79
1757 2760
1758 3587
1759 1541
1760 2314
1761 218
1762 961
1763 3032
1764 1917
1765 4686
1766 4031
1767 353
1768 4063
1769 486
1770 4153
1771 3455
1772 855
1773 3958
1774 2901
1775 3359
1776 358
1777 4216
1778 2407
1779 521
1780 3671
1781 2022
1782 411
1783 1806
1784 631
1785 90
1786 2234
1787 3675
1788 3842
1789 671
1790 474
1791 257
1792 178
1793 1819
1794 1596
1795 3631
1796 2268
1797 3057
1798 3563
1799 1988
1800 2378
1801 328
1802 4231
1803 4450
1804 4775
1805 2821
1806 4138
1807 417
1808 913
1809 2762
1810 1027
1811 2860
1812 3066
1813 4755
1814 4137
1815 2688
1816 1363
1817 2657
1818 2580
1819 2274
1820 4098
1821 2111
1822 4657
1823 1046
1824 2277
1825 1348
1826 3865
1827 1231
1828 3471
1829 4367
1830 3070
1831 3269
1832 3947
1833 2968
1834 386
1835 850
1836 933
1837 1702
1838 3662
1839 4793
1840 4926
1841 169
1842 2781
1843 4923
1844 2385
1845 3847
1846 4908
1847 3555
1848 1613
1849 1594
1850 2971
1851 796
1852 145
1853 3534
1854 100
1855 3577
1856 1172
1857 3854
1858 4599
1859 2805
1860 2035
1861 4613
1862 4667
1863 1795
1864 636
1865 3943
1866 797
1867 4240
1868 3468
1869 2589
1870 800
1871 47
1872 278
1873 4361
1874 567
1875 4117
1876 3533
1877 4576
1878 3824
1879 4190
1880 3031
1881 2816
1882 2091
1883 815
1884 2193
1885 4872
1886 1994
1887 4602
1888 3674
1889 760
1890 2329
1891 1151
1892 2851
1893 578
1894 1259
1895 4387
1896 2830
1897 1778
1898 553
1899 842
1900 3596
1901 4215
1902 846
1903 3756
1904 1373
1905 3520
1906 782
1907 1398
1908 859
1909 2545
1910 2818
1911 3887
1912 830
1913 2030
1914 67
1915 1302
1916 1517
1917 3412
1918 566
1919 2676
1920 2523
1921 2358
1922 1866
1923 467
1924 4159
1925 3968
1926 4473
1927 971
1928 4940
1929 3028
1930 2227
1931 4334
1932 1682
1933 4095
1934 2809
1935 2042
1936 2683
1937 1668
1938 3976
1939 778
1940 3870
1941 3619
1942 4056
1943 1698
1944 4269
1945 3718
1946 4888
1947 3495
1948 4812
1949 912
1950 3575
1951 4050
1952 2133
1953 2561
1954 2370
1955 4169
1956 2610
1957 38
1958 3711
1959 2408
1960 2292
1961 51
1962 3510
1963 2611
1964 4195
1965 146
1966 308
1967 1588
1968 274
1969 525
1970 2938
1971 2302
1972 2270
1973 382
1974 946
1975 3589
1976 2184
1977 2712
1978 853
1979 4052
1980 771
1981 1262
1982 1957
1983 1929
1984 3941
1985 1985
1986 2309
1987 3564
1988 4401
1989 327
1990 471
1991 2416
1992 1432
1993 604
1994 3453
1995 2783
1996 711
1997 2944
1998 3214
1999 2731
2000 3078
2001 220
2002 3938
2003 1349
2004 4194
2005 2800
2006 1580
2007 1939
2008 3182
2009 2690
2010 3205
2011 4494
2012 704
2013 3946
2014 3131
2015 1912
2016 2843
2017 126
2018 1441
2019 4897
2020 3508
2021 2910
2022 2729
2023 1096
2024 1701
2025 3599
2026 2020
2027 3426
2028 895
2029 1272
2030 3911
2031 2863
2032 4832
2033 1224
2034 2389
2035 3540
2036 1657
2037 2644
2038 3922
2039 4301
2040 4404
2041 2994
2042 3245
2043 2916
2044 4018
2045 492
2046 1983
2047 923
2048 1771
2049 759
2050 1768
2051 821
2052 2562
2053 3643
2054 4482
2055 2360
2056 3927
2057 3881
2058 529
2059 3948
2060 4323
2061 1742
2062 3765
2063 2560
2064 4419
2065 2393
2066 1002
2067 3915
2068 937
2069 282
2070 735
2071 2991
2072 4855
2073 1549
2074 1813
2075 1510
2076 1931
2077 3163
2078 2695
2079 2214
2080 748
2081 3993
2082 3411
2083 241
2084 2914
2085 233
2086 4089
2087 1774
2088 4727
2089 4108
2090 4236
2091 4163
2092 1561
2093 710
2094 785
2095 4840
2096 4813
2097 495
2098 1474
2099 269
2100 4296
2101 3211
2102 394
2103 2438
2104 3985
2105 1640
2106 201
2107 107
2108 2640
2109 190
2110 4680
2111 3441
2112 1180
2113 2718
2114 1243
2115 185
2116 2354
2117 2515
2118 4861
2119 559
2120 3886
2121 174
2122 2166
2123 3206
2124 3246
2125 224
2126 4281
2127 3062
2128 2662
2129 3647
2130 818
2131 1071
2132 216
2133 3594
2134 2364
2135 2740
2136 2400
2137 4147
2138 729
2139 379
2140 3295
2141 4809
2142 751
2143 935
2144 91
2145 2714
2146 1278
2147 536
2148 1732
2149 1269
2150 802
2151 3768
2152 603
2153 3709
2154 4608
2155 3171
2156 3255
2157 3456
2158 2380
2159 881
2160 4006
2161 4310
2162 283
2163 1465
2164 3614
2165 1730
2166 2254
2167 3378
2168 3230
2169 2645
2170 3992
2171 4497
2172 3788
2173 4709
2174 2774
2175 1500
2176 313
2177 1860
2178 1995
2179 4286
2180 4167
2181 3708
2182 2236
2183 3158
2184 4587
2185 2287
2186 316
2187 4075
2188 173
2189 1248
2190 998
2191 3999
2192 1603
2193 4850
2194 2801
2195 530
2196 3374
2197 3370
2198 1266
2199 4287
2200 1524
2201 300
2202 698
2203 3806
2204 862
2205 272
2206 1249
2207 504
2208 3465
2209 1521
2210 3434
2211 2439
2212 4001
2213 4408
2214 4886
2215 583
2216 987
2217 4863
2218 1769
2219 14
2220 1456
2221 161
2222 3805
2223 256
2224 3791
2225 3356
2226 4320
2227 1807
2228 1453
2229 2582
2230 2655
2231 4064
2232 4615
2233 1975
2234 369
2235 95
2236 2533
2237 941
2238 3079
2239 1098
2240 822
2241 2162
2242 4675
2243 3921
2244 3486
2245 1783
2246 1504
2247 1254
2248 4400
2249 4364
2250 4731
2251 1186
2252 780
2253 4019
2254 2279
2255 1697
2256 61
2257 899
2258 1838
2259 2159
2260 3764
2261 4810
2262 2066
2263 1848
2264 1620
2265 2488
2266 2031
2267 93
2268 1388
2269 2144
2270 4645
2271 2288
2272 3437
2273 3287
2274 2739
2275 777
2276 3857
2277 577
2278 1637
2279 2629
2280 1372
2281 1669
2282 3391
2283 255
2284 4502
2285 31
2286 4582
2287 1206
2288 823
2289 4584
2290 2459
2291 2140
2292 2924
2293 1785
2294 904
2295 820
2296 1551
2297 3021
2298 1536
2299 740
2300 351
2301 2759
2302 2681
2303 481
2304 3879
2305 532
2306 3128
2307 2964
2308 3438
2309 2761
2310 967
2311 263
2312 2164
2313 657
2314 4187
2315 644
2316 4158
2317 106
2318 1573
2319 1389
2320 4905
2321 3044
2322 1221
2323 2065
2324 2328
2325 1399
2326 3415
2327 4113
2328 1178
2329 817
2330 4226
2331 315
2332 4917
2333 3875
2334 33
2335 1831
2336 4044
2337 1608
2338 4228
2339 1853
2340 1665
2341 2267
2342 1239
2343 3006
2344 3193
2345 2223
2346 4054
2347 4329
2348 3710
2349 3240
2350 1624
2351 4859
2352 1326
2353 98
2354 2419
2355 3687
2356 3832
2357 4105
2358 3572
2359 1185
2360 1003
2361 4585
2362 4530
2363 2824
2364 45
2365 1335
2366 2745
2367 1493
2368 323
2369 1400
2370 1890
2371 2957
2372 2612
2373 3729
2374 868
2375 3122
2376 4689
2377 3522
2378 2526
2379 972
2380 3104
2381 3757
2382 3603
2383 1875
2384 4736
2385 2506
2386 3258
2387 140
2388 441
2389 3429
2390 82
2391 807
2392 2495
2393 4456
2394 3725
2395 4449
2396 1261
2397 210
2398 2568
2399 2198
2400 965
2401 1694
2402 2882
2403 1962
2404 4841
2405 996
2406 2511
2407 1402
2408 2009
2409 4038
2410 4078
2411 883
2412 2673
2413 1739
2414 3373
2415 3762
2416 245
2417 1712
2418 4670
2419 581
2420 1487
2421 2724
2422 540
2423 359
2424 1263
2425 4550
2426 2630
2427 4011
2428 4143
2429 3956
2430 3545
2431 1395
2432 1557
2433 1852
2434 2699
2435 3204
2436 57
2437 2114
2438 3094
2439 388
2440 4538
2441 1532
2442 4579
2443 719
2444 4648
2445 1135
2446 2076
2447 3888
2448 3898
2449 2948
2450 623
2451 3669
2452 1568
2453 1200
2454 1816
2455 4616
2456 2886
2457 4524
2458 3351
2459 861
2460 4093
2461 470
2462 4191
2463 3953
2464 3959
2465 4591
2466 4060
2467 1918
2468 4705
2469 2812
2470 2741
2471 1176
2472 2909
2473 3136
2474 3264
2475 1566
2476 4107
2477 999
2478 3314
2479 3447
2480 602
2481 3452
2482 1466
2483 83
2484 151
2485 1950
2486 3516
2487 2588
2488 4020
2489 2902
2490 2454
2491 3821
2492 2299
2493 3822
2494 143
2495 1564
2496 1729
2497 4106
2498 1946
2499 4062
2500 2362
2501 3247
2502 2509
2503 2213
2504 2075
2505 2709
2506 198
2507 3386
2508 3573
2509 2970
2510 3884
2511 2085
2512 3427
2513 116
2514 3270
2515 3082
2516 591
2517 4312
2518 2331
2519 1436
2520 4087
2521 1446
2522 3234
2523 2374
2524 3961
2525 4604
2526 1282
2527 3148
2528 1471
2529 2351
2530 428
2531 1511
2532 2650
2533 786
2534 3819
2535 3904
2536 62
2537 2250
2538 2907
2539 4343
2540 3195
2541 726
2542 4448
2543 4128
2544 484
2545 3088
2546 3004
2547 2697
2548 4146
2549 2701
2550 343
2551 2308
2552 4133
2553 3344
2554 2334
2555 3644
2556 2032
2557 4393
2558 699
2559 4517
2560 4083
2561 1751
2562 754
2563 3448
2564 2493
2565 3892
2566 3755
2567 1218
2568 2649
2569 3579
2570 2470
2571 2379
2572 3185
2573 4518
2574 287
2575 3874
2576 3061
2577 1415
2578 4655
2579 3
2580 832
2581 4188
2582 2980
2583 1342
2584 2711
2585 2390
2586 252
2587 2897
2588 1984
2589 1305
2590 3701
2591 138
2592 3137
2593 2565
2594 945
2595 3058
2596 4701
2597 2197
2598 1328
2599 2012
2600 795
2601 841
2602 2890
2603 645
2604 177
2605 2131
2606 3181
2607 1916
2608 1034
2609 337
2610 265
2611 2437
2612 1334
2613 3747
2614 21
2615 89
2616 4583
2617 668
2618 3280
2619 3909
2620 2482
2621 932
2622 306
2623 3783
2624 3488
2625 333
2626 2297
2627 87
2628 734
2629 3566
2630 12
2631 1583
2632 2343
2633 3305
2634 2742
2635 3347
2636 1255
2637 1238
2638 44
2639 3008
2640 2895
2641 1414
2642 1567
2643 3660
2644 3632
2645 4394
2646 3957
2647 928
2648 4303
2649 3145
2650 4168
2651 880
2652 3690
2653 121
2654 3156
2655 362
2656 4548
2657 4189
2658 3324
2659 2865
2660 4429
2661 539
2662 2692
2663 4420
2664 3846
2665 4317
2666 4821
2667 1846
2668 512
2669 4109
2670 2866
2671 472
2672 4910
2673 4647
2674 3672
2675 1523
2676 4503
2677 2951
2678 2847
2679 4348
2680 4534
2681 2043
2682 4904
2683 635
2684 4887
2685 1431
2686 2286
2687 1130
2688 3243
2689 4004
2690 1457
2691 1480
2692 2613
2693 2717
2694 1690
2695 3054
2696 745
2697 1652
2698 2469
2699 1366
2700 4396
2701 2836
2702 65
2703 4464
2704 2850
2705 1597
2706 3425
2707 1330
2708 1879
2709 3170
2710 280
2711 3394
2712 4366
2713 4471
2714 2293
2715 436
2716 806
2717 1042
2718 1382
2719 48
2720 154
2721 3208
2722 3249
2723 1503
2724 4068
2725 2993
2726 2485
2727 3210
2728 2283
2729 2956
2730 3612
2731 1555
2732 1520
2733 4185
2734 4896
2735 3371
2736 2369
2737 244
2738 32
2739 2324
2740 2296
2741 2475
2742 192
2743 298
2744 159
2745 2280
2746 543
2747 2103
2748 4104
2749 689
2750 68
2751 2917
2752 3683
2753 3449
2754 1505
2755 4140
2756 4507
2757 4820
2758 605
2759 1189
2760 3920
2761 1868
2762 4622
2763 3620
2764 3547
2765 463
2766 950
2767 1232
2768 4800
2769 1900
2770 2792
2771 3869
2772 1473
2773 3020
2774 2624
2775 4307
2776 2273
2777 4539
2778 4069
2779 1722
2780 2512
2781 141
2782 2553
2783 3184
2784 1134
2785 793
2786 753
2787 4352
2788 1297
2789 4254
2790 3908
2791 2472
2792 1519
2793 267
2794 3151
2795 2923
2796 1956
2797 3732
2798 3949
2799 4193
2800 2819
2801 445
2802 568
2803 808
2804 372
2805 4385
2806 3816
2807 2163
2808 438
2809 949
2810 4479
2811 132
2812 4846
2813 1935
2814 3283
2815 679
2816 1162
2817 1021
2818 1814
2819 3689
2820 3597
2821 3554
2822 4702
2823 1392
2824 380
2825 3056
2826 1634
2827 2542
2828 3180
2829 2281
2830 3838
2831 3895
2832 3111
2833 3400
2834 2356
2835 381
2836 2272
2837 3829
2838 3583
2839 2937
2840 573
2841 3584
2842 2627
2843 187
2844 117
2845 1223
2846 839
2847 103
2848 4640
2849 4693
2850 4483
2851 4076
2852 1086
2853 3963
2854 4549
2855 1513
2856 3297
2857 3918
2858 4627
2859 969
2860 4368
2861 3142
2862 3504
2863 1128
2864 433
2865 2738
2866 3848
2867 3282
2868 152
2869 136
2870 2392
2871 1803
2872 4261
2873 2880
2874 2748
2875 925
2876 1309
2877 2190
2878 4284
2879 402
2880 1445
2881 1798
2882 4382
2883 4164
2884 546
2885 2221
2886 329
2887 3967
2888 1871
2889 4880
2890 3942
2891 4685
2892 4836
2893 3096
2894 1138
2895 1197
2896 189
2897 2926
2898 531
2899 4740
2900 3499
2901 446
2902 503
2903 2344
2904 3150
2905 2720
2906 886
2907 25
2908 342
2909 4519
2910 924
2911 662
2912 819
2913 1437
2914 1090
2915 4577
2916 4304
2917 2786
2918 4592
2919 3680
2920 202
2921 2491
2922 2615
2923 3839
2924 4811
2925 1265
2926 3328
2927 2614
2928 1635
2929 1837
2930 4049
2931 158
2932 3087
2933 3420
2934 1066
2935 4275
2936 4222
2937 1340
2938 2513
2939 180
2940 39
2941 1110
2942 4129
2943 164
2944 3422
2945 2814
2946 2182
2947 276
2948 4927
2949 3712
2950 3239
2951 1966
2952 632
2953 857
2954 838
2955 3740
2956 4485
2957 3676
2958 599
2959 4546
2960 3053
2961 4589
2962 4711
2963 3454
2964 1397
2965 1171
2966 2869
2967 1296
2968 2829
2969 3567
2970 1711
2971 163
2972 845
2973 383
2974 2904
2975 1329
2976 556
2977 35
2978 4174
2979 3334
2980 157
2981 2608
2982 979
2983 598
2984 2837
2985 3658
2986 1718
2987 744
2988 4876
2989 2312
2990 1125
2991 339
2992 4033
2993 2014
2994 789
2995 875
2996 579
2997 3656
2998 3807
2999 606
3000 1887
3001 2453
3002 4614
3003 1067
3004 4638
3005 3095
3006 229
3007 460
3008 127
3009 4468
3010 1754
3011 3814
3012 3323
3013 658
3014 3350
3015 651
3016 1061
3017 2412
3018 718
3019 1188
3020 3742
3021 2567
3022 561
3023 1475
3024 1501
3025 788
3026 4058
3027 4746
3028 4911
3029 617
3030 1715
3031 890
3032 773
3033 4132
3034 3872
3035 2306
3036 2157
3037 2047
3038 3646
3039 3108
3040 1586
3041 465
3042 3767
3043 1642
3044 654
3045 1753
3046 1032
3047 4901
3048 2119
3049 4529
3050 1924
3051 2572
3052 1748
3053 28
3054 4776
3055 443
3056 2057
3057 3736
3058 3512
3059 3266
3060 1734
3061 1815
3062 4421
3063 1041
3064 4057
3065 4354
3066 851
3067 2490
3068 2167
3069 1374
3070 565
3071 4581
3072 238
3073 1477
3074 2841
3075 4484
3076 2604
3077 3861
3078 4756
3079 4637
3080 3715
3081 108
3082 4322
3083 2120
3084 4375
3085 3229
3086 844
3087 2873
3088 2353
3089 1043
3090 111
3091 1136
3092 1245
3093 4922
3094 916
3095 2961
3096 1717
3097 4600
3098 4543
3099 2322
3100 1408
3101 444
3102 980
3103 3253
3104 2429
3105 660
3106 1048
3107 4919
3108 4059
3109 2275
3110 3176
3111 1040
3112 1359
3113 125
3114 2319
3115 2983
3116 542
3117 4356
3118 4706
3119 2387
3120 2864
3121 361
3122 4411
3123 4451
3124 473
3125 3991
3126 340
3127 2226
3128 3896
3129 1079
3130 4828
3131 4439
3132 4335
3133 2209
3134 3179
3135 3588
3136 4707
3137 4512
3138 627
3139 1478
3140 3592
3141 4346
3142 3609
3143 4447
3144 1628
3145 3527
3146 3466
3147 1141
3148 4528
3149 3010
3150 4009
3151 2134
3152 4522
3153 2969
3154 3745
3155 3390
3156 4271
3157 64
3158 1070
3159 4739
3160 2097
3161 2481
3162 828
3163 147
3164 3825
3165 3665
3166 2258
3167 2038
3168 4237
3169 4115
3170 2471
3171 3098
3172 1127
3173 4870
3174 3155
3175 952
3176 2205
3177 4402
3178 4221
3179 2382
3180 692
3181 134
3182 4424
3183 1424
3184 66
3185 2256
3186 3906
3187 2252
3188 2476
3189 2666
3190 2849
3191 2073
3192 204
3193 1433
3194 4894
3195 3526
3196 3482
3197 4844
3198 4270
3199 221
3200 1288
3201 3617
3202 3971
3203 4121
3204 363
3205 1976
3206 2705
3207 3696
3208 3889
3209 3348
3210 1496
3211 695
3212 526
3213 3691
3214 2973
3215 954
3216 4250
3217 517
3218 984
3219 2024
3220 4631
3221 2643
3222 4835
3223 2220
3224 2772
3225 4506
3226 2403
3227 4794
3228 1914
3229 43
3230 1667
3231 3461
3232 3487
3233 1845
3234 1108
3235 2480
3236 1207
3237 2368
3238 997
3239 2384
3240 3141
3241 4362
3242 4654
3243 1752
3244 4440
3245 355
3246 15
3247 1706
3248 3694
3249 907
3250 4092
3251 1874
3252 2501
3253 1633
3254 3990
3255 71
3256 2522
3257 19
3258 1463
3259 234
3260 4938
3261 725
3262 4578
3263 3050
3264 4314
3265 2245
3266 3538
3267 596
3268 2708
3269 3519
3270 575
3271 4726
3272 475
3273 1304
3274 122
3275 1047
3276 2265
3277 4150
3278 4764
3279 505
3280 4331
3281 2210
3282 1058
3283 281
3284 4161
3285 1234
3286 2646
3287 4151
3288 248
3289 2478
3290 2524
3291 3880
3292 2876
3293 1129
3294 730
3295 426
3296 2178
3297 347
3298 3385
3299 2940
3300 4460
3301 4398
3302 612
3303 1829
3304 4245
3305 4837
3306 4782
3307 3432
3308 1215
3309 1615
3310 1303
3311 387
3312 1553
3313 2815
3314 1410
3315 225
3316 2653
3317 4665
3318 3443
3319 2026
3320 1544
3321 1085
3322 3362
3323 2791
3324 2778
3325 3642
3326 905
3327 2782
3328 3023
3329 50
3330 86
3331 4493
3332 1177
3333 4489
3334 3124
3335 4120
3336 2050
3337 3127
3338 3302
3339 2758
3340 4220
3341 1485
3342 2081
3343 3178
3344 2658
3345 882
3346 2
3347 1653
3348 3810
3349 3237
3350 2135
3351 172
3352 1902
3353 2959
3354 4621
3355 4257
3356 393
3357 1157
3358 2773
3359 3622
3360 4819
3361 4302
3362 1038
3363 3890
3364 4511
3365 3396
3366 4556
3367 3934
3368 2621
3369 46
3370 1817
3371 2775
3372 3154
3373 4412
3374 584
3375 716
3376 4527
3377 1476
3378 1591
3379 49
3380 4674
3381 4699
3382 1077
3383 3752
3384 4021
3385 4012
3386 352
3387 4145
3388 736
3389 1952
3390 105
3391 2672
3392 2686
3393 1587
3394 3685
3395 2363
3396 2619
3397 3852
3398 2449
3399 3450
3400 1955
3401 2099
3402 1823
3403 1913
3404 569
3405 764
3406 3130
3407 3994
3408 4921
3409 649
3410 4111
3411 4126
3412 3754
3413 1420
3414 370
3415 3034
3416 1190
3417 247
3418 509
3419 2771
3420 2556
3421 3423
3422 1559
3423 2211
3424 3719
3425 4856
3426 2925
3427 4774
3428 4141
3429 2102
3430 4328
3431 3490
3432 1980
3433 2592
3434 3337
3435 620
3436 1659
3437 2974
3438 2377
3439 4040
3440 2516
3441 1361
3442 2988
3443 634
3444 325
3445 1229
3446 2080
3447 2467
3448 4014
3449 4088
3450 852
3451 4010
3452 3261
3453 938
3454 3114
3455 1713
3456 2999
3457 4462
3458 3398
3459 413
3460 4742
3461 2535
3462 2372
3463 1812
3464 2340
3465 4123
3466 1331
3467 2053
3468 4617
3469 723
3470 4155
3471 630
3472 4891
3473 2052
3474 4542
3475 259
3476 4259
3477 533
3478 825
3479 1791
3480 3110
3481 4119
3482 4588
3483 3809
3484 1470
3485 976
3486 833
3487 1585
3488 3133
3489 2263
3490 2943
3491 701
3492 4839
3493 2444
3494 4276
3495 810
3496 2396
3497 1825
3498 4884
3499 506
3500 2798
3501 2092
3502 1072
3503 1693
3504 1765
3505 4659
3506 2461
3507 2185
3508 4127
3509 2305
3510 1283
3511 3785
3512 2827
3513 3811
3514 295
3515 2084
3516 750
3517 2770
3518 1386
3519 1660
3520 3863
3521 4085
3522 4909
3523 3276
3524 1675
3525 1411
3526 4719
3527 682
3528 2079
3529 142
3530 4777
3531 2128
3532 1804
3533 4937
3534 616
3535 1156
3536 4474
3537 2366
3538 2017
3539 3353
3540 548
3541 228
3542 4660
3543 661
3544 1933
3545 4184
3546 312
3547 2525
3548 2892
3549 1220
3550 1960
3551 2338
3552 3626
3553 1204
3554 2639
3555 1584
3556 3117
3557 3458
3558 2648
3559 3103
3560 1767
3561 2175
3562 2320
3563 812
3564 3926
3565 3102
3566 2504
3567 1173
3568 2870
3569 1199
3570 743
3571 212
3572 3506
3573 4037
3574 4036
3575 4116
3576 909
3577 1721
3578 1216
3579 2203
3580 1631
3581 1064
3582 2303
3583 2547
3584 594
3585 1167
3586 4267
3587 3778
3588 3828
3589 2365
3590 1076
3591 1298
3592 1052
3593 3928
3594 4611
3595 219
3596 1707
3597 260
3598 1892
3599 4509
3600 1299
3601 4103
3602 4202
3603 3252
3604 1723
3605 2499
3606 2307
3607 2240
3608 576
3609 4824
3610 1618
3611 1937
3612 520
3613 3686
3614 4629
3615 4327
3616 4557
3617 4211
3618 3923
3619 2995
3620 4718
3621 3799
3622 1760
3623 4932
3624 4213
3625 4459
3626 3164
3627 564
3628 3303
3629 3116
3630 824
3631 1757
3632 319
3633 3345
3634 4441
3635 4842
3636 2576
3637 707
3638 589
3639 1164
3640 3862
3641 2070
3642 3393
3643 3704
3644 3501
3645 3621
3646 3663
3647 144
3648 1512
3649 2508
3650 3388
3651 1000
3652 860
3653 1658
3654 1749
3655 2544
3656 254
3657 3463
3658 4417
3659 236
3660 1316
3661 2291
3662 4390
3663 2381
3664 767
3665 3403
3666 4139
3667 1468
3668 3624
3669 4864
3670 4520
3671 558
3672 2001
3673 2447
3674 936
3675 3531
3676 2680
3677 665
3678 3518
3679 4750
3680 3030
3681 2290
3682 2546
3683 296
3684 4413
3685 3340
3686 4180
3687 799
3688 1428
3689 2700
3690 3186
3691 130
3692 3457
3693 1102
3694 752
3695 4499
3696 3551
3697 3716
3698 2192
3699 2813
3700 1315
3701 1525
3702 1934
3703 3160
3704 4605
3705 3601
3706 1228
3707 2703
3708 139
3709 4570
3710 697
3711 4636
3712 215
3713 1258
3714 901
3715 2965
3716 687
3717 4797
3718 982
3719 1031
3720 418
3721 452
3722 4875
3723 1301
3724 1467
3725 2055
3726 2510
3727 1083
3728 1371
3729 1839
3730 1357
3731 3883
3732 792
3733 2603
3734 2823
3735 289
3736 3524
3737 4378
3738 3507
3739 3797
3740 4295
3741 4015
3742 2517
3743 250
3744 2607
3745 2751
3746 4652
3747 3749
3748 4504
3749 2417
3750 1508
3751 2146
3752 4650
3753 1056
3754 1350
3755 1050
3756 2755
3757 1725
3758 3722
3759 1992
3760 11
3761 2776
3762 3268
3763 4851
3764 600
3765 1082
3766 2151
3767 26
3768 1460
3769 4514
3770 942
3771 2228
3772 3451
3773 1422
3774 3885
3775 2636
3776 1143
3777 4612
3778 2421
3779 3227
3780 1593
3781 270
3782 1448
3783 2474
3784 2420
3785 4234
3786 2405
3787 3681
3788 4838
3789 1999
3790 2906
3791 4869
3792 4438
3793 4041
3794 208
3795 3605
3796 4208
3797 2977
3798 3027
3799 4172
3800 4552
3801 3766
3802 1764
3803 2735
3804 919
3805 2058
3806 4458
3807 2233
3808 3072
3809 2323
3810 514
3811 4491
3812 809
3813 162
3814 3779
3815 1772
3816 2172
3817 29
3818 3222
3819 2430
3820 2894
3821 3372
3822 1390
3823 425
3824 1731
3825 4878
3826 2593
3827 1766
3828 4687
3829 3272
3830 3955
3831 24
3832 1060
3833 560
3834 72
3835 930
3836 2448
3837 1421
3838 3216
3839 237
3840 1938
3841 2207
3842 947
3843 3882
3844 1840
3845 776
3846 2507
3847 3581
3848 1710
3849 4042
3850 2219
3851 1347
3852 732
3853 1859
3854 240
3855 3827
3856 527
3857 2457
3858 2725
3859 3796
3860 4935
3861 1849
3862 1507
3863 1641
3864 4566
3865 53
3866 4066
3867 1738
3868 1548
3869 3173
3870 1227
3871 3313
3872 194
3873 2177
3874 1880
3875 1097
3876 4241
3877 398
3878 3339
3879 4410
3880 4487
3881 3793
3882 4251
3883 3106
3884 1558
3885 4247
3886 4061
3887 1091
3888 3485
3889 1645
3890 721
3891 4475
3892 715
3893 2875
3894 401
3895 2828
3896 1550
3897 4229
3898 2171
3899 805
3900 251
3901 414
3902 1893
3903 404
3904 4662
3905 2143
3906 3433
3907 2101
3908 4230
3909 731
3910 4436
3911 2326
3912 3901
3913 2069
3914 2765
3915 981
3916 1888
3917 3073
3918 2840
3919 867
3920 1174
3921 34
3922 3817
3923 3187
3924 4452
3925 1967
3926 3699
3927 3379
3928 2473
3929 3474
3930 1369
3931 2246
3932 3812
3933 541
3934 3982
3935 4223
3936 4273
3937 4495
3938 914
3939 2121
3940 4918
3941 3528
3942 4710
3943 656
3944 74
3945 537
3946 1896
3947 714
3948 3260
3949 2044
3950 4743
3951 2264
3952 2716
3953 188
3954 2803
3955 3670
3956 430
3957 2095
3958 2217
3959 4294
3960 2879
3961 1039
3962 3728
3963 2919
3964 1877
3965 779
3966 2976
3967 1664
3968 4823
3969 223
3970 2867
3971 1236
3972 2632
3973 4243
3974 4849
3975 2436
3976 3561
3977 1997
3978 4476
3979 642
3980 1356
3981 1891
3982 3988
3983 1057
3984 4435
3985 2212
3986 321
3987 3254
3988 3560
3989 3051
3990 2445
3991 2127
3992 2793
3993 3480
3994 2583
3995 4708
3996 1484
3997 2635
3998 4643
3999 3758
4000 1099
4001 4299
4002 4242
4003 2530
4004 2332
4005 4939
4006 4379
4007 101
4008 4442
4009 2156
4010 1940
4011 1761
4012 1423
4013 4268
4014 931
4015 375
4016 2795
4017 3684
4018 836
4019 2665
4020 4907
4021 2667
4022 2962
4023 3984
4024 4697
4025 1947
4026 4761
4027 3790
4028 288
4029 4210
4030 993
4031 1756
4032 469
4033 350
4034 659
4035 2401
4036 2255
4037 1951
4038 81
4039 3940
4040 1974
4041 2423
4042 1683
4043 4807
4044 1323
4045 2945
4046 888
4047 3780
4048 2455
4049 4332
4050 3085
4051 4890
4052 3823
4053 2170
4054 1533
4055 2979
4056 1246
4057 455
4058 3784
4059 4165
4060 2487
4061 4279
4062 3038
4063 722
4064 2371
4065 2025
4066 3841
4067 4898
4068 453
4069 3381
4070 2936
4071 1454
4072 3723
4073 597
4074 3997
4075 2838
4076 1401
4077 2202
4078 395
4079 1932
4080 2054
4081 1793
4082 2972
4083 3144
4084 2242
4085 4086
4086 3544
4087 4560
4088 4558
4089 672
4090 3395
4091 2633
4092 3047
4093 3218
4094 348
4095 4249
4096 1006
4097 4925
4098 2064
4099 2002
4100 4882
4101 2282
4102 4112
4103 3286
4104 2494
4105 653
4106 2413
4107 3726
4108 2691
4109 1412
4110 4778
4111 549
4112 403
4113 1179
4114 131
4115 366
4116 900
4117 3481
4118 1526
4119 1595
4120 4030
4121 2519
4122 2056
4123 2199
4124 663
4125 2130
4126 4461
4127 1394
4128 3341
4129 3578
4130 291
4131 1970
4132 4114
4133 2955
4134 1907
4135 3413
4136 3321
4137 1267
4138 1014
4139 1187
4140 994
4141 4831
4142 1686
4143 3891
4144 1492
4145 2304
4146 694
4147 3871
4148 4319
4149 3060
4150 3115
4151 149
4152 2598
4153 4315
4154 1054
4155 4715
4156 2249
4157 37
4158 3129
4159 104
4160 3769
4161 1037
4162 741
4163 1560
4164 447
4165 2112
4166 4681
4167 3539
4168 1028
4169 2707
4170 1899
4171 2418
4172 2706
4173 3952
4174 1290
4175 1651
4176 3007
4177 22
4178 1741
4179 4297
4180 1861
4181 3834
4182 4353
4183 1491
4184 1799
4185 1012
4186 3478
4187 3135
4188 3121
4189 1107
4190 2551
4191 4532
4192 4349
4193 4136
4194 1781
4195 4034
4196 1687
4197 1280
4198 2960
4199 2696
4200 1621
4201 1237
4202 4698
4203 1217
4204 1786
4205 957
4206 3569
4207 1105
4208 1120
4209 4416
4210 2347
4211 2620
4212 1872
4213 4565
4214 515
4215 3183
4216 406
4217 1672
4218 2361
4219 3284
4220 2600
4221 2764
4222 3024
4223 3721
4224 4131
4225 3960
4226 4916
4227 4255
4228 2145
4229 3138
4230 2333
4231 4090
4232 1747
4233 973
4234 3972
4235 3289
4236 4713
4237 1629
4238 712
4239 4318
4240 3634
4241 761
4242 4679
4243 2247
4244 3118
4245 2710
4246 3267
4247 1352
4248 640
4249 4620
4250 1979
4251 1779
4252 461
4253 3147
4254 1292
4255 4817
4256 4432
4257 4781
4258 4751
4259 2028
4260 4454
4261 124
4262 392
4263 3498
4264 1381
4265 749
4266 36
4267 179
4268 3410
4269 2766
4270 1051
4271 2105
4272 2311
4273 4377
4274 3582
4275 1270
4276 258
4277 1358
4278 1055
4279 4403
4280 1281
4281 176
4282 2563
4283 3165
4284 641
4285 3515
4286 4867
4287 3473
4288 590
4289 2660
4290 2225
4291 4246
4292 693
4293 3232
4294 1530
4295 3360
4296 3200
4297 1219
4298 4879
4299 593
4300 3288
4301 4350
4302 1327
4303 2987
4304 3966
4305 4535
4306 2719
4307 2187
4308 2294
4309 3970
4310 2087
4311 3399
4312 4678
4313 3472
4314 2110
4315 160
4316 1643
4317 464
4318 1351
4319 2191
4320 168
4321 1863
4322 3493
4323 4866
4324 4537
4325 1089
4326 3383
4327 2138
4328 2529
4329 1714
4330 364
4331 3220
4332 4488
4333 4007
4334 2074
4335 2797
4336 3421
4337 4634
4338 1894
4339 843
4340 3307
4341 120
4342 3446
4343 4541
4344 3962
4345 3706
4346 3029
4347 2628
4348 3776
4349 2537
4350 3318
4351 1264
4352 4609
4353 4799
4354 4515
4355 3336
4356 3965
4357 449
4358 1598
4359 3850
4360 4096
4361 207
4362 4292
4363 4656
4364 451
4365 2352
4366 848
4367 2289
4368 2188
4369 416
4370 324
4371 3702
4372 545
4373 4666
4374 4183
4375 538
4376 4298
4377 4595
4378 4633
4379 4201
4380 991
4381 4767
4382 953
4383 3679
4384 2271
4385 4338
4386 4118
4387 4399
4388 3417
4389 1857
4390 3831
4391 311
4392 2820
4393 4426
4394 490
4395 572
4396 1973
4397 3159
4398 6
4399 3678
4400 119
4401 1632
4402 3830
4403 1545
4404 3175
4405 2068
4406 493
4407 865
4408 4486
4409 3782
4410 2386
4411 3514
4412 226
4413 2077
4414 482
4415 3275
4416 3011
4417 3868
4418 4792
4419 2881
4420 7
4421 685
4422 1864
4423 1626
4424 1943
4425 1069
4426 16
4427 2780
4428 2195
4429 2641
4430 2779
4431 2208
4432 390
4433 2152
4434 1018
4435 2411
4436 3899
4437 1015
4438 1809
4439 4682
4440 1922
4441 3224
4442 4825
4443 948
4444 148
4445 3198
4446 1213
4447 4704
4448 4446
4449 405
4450 1212
4451 186
4452 562
4453 4386
4454 4606
4455 2584
4456 499
4457 1023
4458 4914
4459 3059
4460 2928
4461 4646
4462 4735
4463 4770
4464 3408
4465 297
4466 99
4467 2839
4468 4175
4469 4372
4470 1321
4471 2126
4472 3979
4473 3925
4474 3123
4475 2651
4476 1539
4477 3368
4478 4422
4479 196
4480 1322
4481 747
4482 1679
4483 2799
4484 431
4485 1279
4486 1758
4487 1763
4488 3354
4489 893
4490 4619
4491 4762
4492 3700
4493 2602
4494 2763
4495 4227
4496 3361
4497 4928
4498 4358
4499 4700
4500 3223
4501 1150
4502 510
4503 3322
4504 2587
4505 2310
4506 892
4507 2088
4508 2808
4509 4738
4510 4815
4511 3804
4512 266
4513 2104
4514 2777
4515 1538
4516 3346
4517 1101
4518 858
4519 2599
4520 271
4521 854
4522 1429
4523 2169
4524 3424
4525 2736
4526 2083
4527 4293
4528 3090
4529 3349
4530 2415
4531 2564
4532 958
4533 1556
4534 2532
4535 20
4536 135
4537 3876
4538 1426
4539 3636
4540 4829
4541 3005
4542 1858
4543 1196
4544 4232
4545 1666
4546 1489
4547 4610
4548 3974
4549 1045
4550 3462
4551 2013
4552 3497
4553 3194
4554 1903
4555 2251
4556 1547
4557 3503
4558 4795
4559 2394
4560 294
4561 3460
4562 3987
4563 765
4564 4510
4565 891
4566 1811
4567 2235
4568 2543
4569 1969
4570 2984
4571 3013
4572 502
4573 60
4574 681
4575 3826
4576 1886
4577 1119
4578 791
4579 3590
4580 2862
4581 206
4582 1030
4583 781
4584 2934
4585 601
4586 757
4587 742
4588 894
4589 3677
4590 1977
4591 4023
4592 341
4593 688
4594 349
4595 3574
4596 4664
4597 648
4598 3859
4599 951
4600 1602
4601 1911
4602 307
4603 1461
4604 1614
4605 2147
4606 3855
4607 3900
4608 2574
4609 4434
4610 2579
4611 485
4612 1139
4613 775
4614 4559
4615 4415
4616 1325
4617 3092
4618 1284
4619 2399
4620 3077
4621 1482
4622 2442
4623 3638
4624 3046
4625 992
4626 1971
4627 3238
4628 1376
4629 368
4630 669
4631 2822
4632 4644
4633 4536
4634 1794
4635 1923
4636 4443
4637 1346
4638 1744
4639 3771
4640 978
4641 2502
4642 518
4643 17
4644 3692
4645 3199
4646 2391
4647 4039
4648 4233
4649 2033
4650 1499
4651 3428
4652 4501
4653 2027
4654 1103
4655 3707
4656 1905
4657 618
4658 3781
4659 4067
4660 801
4661 4073
4662 3608
4663 2933
4664 2811
4665 1147
4666 2802
4667 2063
4668 4684
4669 96
4670 3698
4671 4122
4672 910
4673 2947
4674 3668
4675 3645
4676 1990
4677 2874
4678 1434
4679 4790
4680 784
4681 2698
4682 3835
4683 1203
4684 1391
4685 3257
4686 435
4687 4883
4688 1010
4689 2132
4690 1202
4691 1882
4692 1522
4693 3616
4694 2794
4695 170
4696 3502
4697 2528
4698 3549
4699 1759
4700 1080
4701 1546
4702 3558
4703 563
4704 4160
4705 1131
4706 209
4707 2041
4708 1577
4709 4753
4710 1205
4711 4263
4712 728
4713 1708
4714 4224
4715 1930
4716 706
4717 2016
4718 2623
4719 286
4720 2877
4721 3161
4722 1856
4723 3469
4724 427
4725 3221
4726 887
4727 77
4728 273
4729 629
4730 2348
4731 3202
4732 3083
4733 4594
4734 2626
4735 2757
4736 2410
4737 199
4738 1808
4739 3759
4740 2168
4741 4381
4742 4688
4743 1750
4744 4360
4745 184
4746 1497
4747 200
4748 3775
4749 2671
4750 2046
4751 1563
4752 1230
4753 4690
4754 4053
4755 1776
4756 4433
4757 2048
4758 1688
4759 4110
4760 3763
4761 3703
4762 2049
4763 1576
4764 2750
4765 3536
4766 4340
4767 4630
4768 1242
4769 2826
4770 586
4771 3320
4772 3236
4773 2790
4774 2982
4775 1092
4776 1273
4777 1306
4778 1788
4779 1619
4780 4289
4781 4181
4782 983
4783 2062
4784 41
4785 203
4786 1599
4787 1908
4788 1341
4789 3105
4790 1343
4791 2677
4792 1035
4793 1393
4794 2531
4795 197
4796 871
4797 3325
4798 4252
4799 3001
4800 1607
4801 4238
4802 4672
4803 2239
4804 3119
4805 756
4806 2285
4807 4280
4808 4173
4809 3737
4810 2229
4811 884
4812 2174
4813 3864
4814 4472
4815 1208
4816 2595
4817 2402
4818 2278
4819 4752
4820 3026
4821 2885
4822 3803
4823 1692
4824 2414
4825 4272
4826 2806
4827 2327
4828 3541
4829 1126
4830 622
4831 1862
4832 2330
4833 1582
4834 3126
4835 2107
4836 3009
4837 1413
4838 4763
4839 1078
4840 2668
4841 1111
4842 3068
4843 1153
4844 2165
4845 4694
4846 877
4847 1574
4848 129
4849 1689
4850 2723
4851 1704
4852 3300
4853 1490
4854 4306
4855 763
4856 3190
4857 1606
4858 4658
4859 708
4860 4924
4861 1777
4862 691
4863 1122
4864 88
4865 2317
4866 2266
4867 1535
4868 1542
4869 4873
4870 4732
4871 4463
4872 2398
4873 2359
4874 1009
4875 3568
4876 466
4877 2570
4878 772
4879 4326
4880 1762
4881 4513
4882 3430
4883 4769
4884 2756
4885 4885
4886 3256
4887 3849
4888 1901
4889 181
4890 2900
4891 2597
4892 3517
4893 4407
4894 1418
4895 3818
4896 242
4897 239
4898 1736
4899 440
4900 4179
4901 897
4902 1320
4903 1876
4904 528
4905 235
4906 422
4907 544
4908 2548
4909 1337
4910 3296
4911 3500
4912 2935
4913 1017
4914 3845
4915 3654
4916 4466
4917 4148
4918 4081
4919 1440
4920 2931
4921 1925
4922 2486
4923 2590
4924 4722
4925 1920
4926 856
4927 1075
4928 3505
4929 1991
4930 1681
4931 3556
4932 1396
4933 2998
4934 3511
4935 420
4936 2008
4937 3109
4938 2149
4939 3315
4940 97