4941 6594
0 3
0 2
0 1
1 437
1 436
1 435
1 434
1 427
2 459
2 458
2 457
2 431
3 522
3 477
4 8
4 7
4 6
4 5
5 3679
5 3643
6 3396
7 3396
8 3829
8 3750
9 10
10 3534
10 3453
11 12
12 4935
12 4934
13 14
14 174
14 173
14 172
14 170
14 124
14 118
14 114
15 17
15 16
16 34
16 33
16 32
16 31
17 46
18 19
19 21
19 20
21 26
21 25
21 24
21 23
21 22
22 27
23 131
23 130
24 105
25 225
25 204
25 197
25 130
25 66
25 27
26 30
27 60
28 30
28 29
29 178
29 177
29 176
29 98
29 59
29 58
30 66
32 38
32 37
32 36
32 35
34 166
34 95
37 67
37 43
38 116
39 41
39 40
40 43
40 42
41 189
42 44
44 254
44 244
44 162
45 47
45 46
46 110
47 64
48 49
49 126
49 109
50 51
51 539
51 529
51 167
51 152
51 54
52 54
52 53
53 115
54 4522
54 217
54 167
54 126
55 57
55 56
56 127
56 94
56 92
57 221
58 61
58 60
58 59
59 60
60 225
60 70
62 64
62 63
63 230
65 66
66 184
66 183
66 165
66 153
66 125
66 93
68 70
68 69
69 209
69 176
69 106
69 70
70 225
70 195
70 188
70 83
71 73
71 72
72 129
73 192
73 76
74 76
74 75
75 129
76 234
76 176
77 78
78 80
78 79
79 84
79 83
79 82
79 81
80 90
81 89
81 88
81 87
81 86
81 85
82 143
82 142
82 141
82 138
82 136
82 133
83 84
88 104
88 102
88 101
88 100
89 235
89 191
89 129
90 91
91 226
92 96
92 95
92 94
92 93
93 97
95 262
96 210
97 227
98 99
99 238
99 236
99 159
102 103
103 250
103 249
103 248
103 247
103 193
103 162
104 178
104 158
105 107
105 106
106 187
107 195
108 109
109 4509
109 610
109 601
109 168
109 126
110 210
110 190
111 114
111 113
111 112
112 200
112 199
112 182
113 182
113 123
113 120
115 149
116 117
117 160
118 119
119 173
120 124
120 123
120 122
120 121
121 124
122 124
124 254
124 249
125 126
126 2566
126 218
126 164
127 128
128 129
129 233
129 211
129 191
132 133
133 140
133 139
133 135
133 134
137 138
138 144
139 1114
139 1047
140 4915
140 4900
140 4895
140 1146
141 1146
141 1145
141 1144
141 1143
141 1142
141 1141
141 1095
141 1078
141 193
142 1147
142 1078
142 1061
142 1040
143 2450
144 198
144 197
144 196
145 147
145 146
146 156
146 154
147 263
147 222
148 151
148 150
148 149
149 152
150 201
150 151
151 258
152 175
154 157
154 156
154 155
155 159
155 158
157 241
158 240
158 239
159 227
160 161
161 162
162 163
163 1094
163 250
164 165
166 264
166 261
168 169
169 226
170 171
173 243
174 200
175 546
175 534
175 259
178 179
179 216
179 215
179 214
179 213
179 212
179 201
179 197
180 182
180 181
181 199
183 185
184 220
185 186
186 601
187 257
187 256
187 255
189 191
189 190
190 230
191 232
191 231
191 221
191 210
192 219
193 194
194 1116
194 1044
196 207
196 206
196 205
196 197
197 246
198 4256
198 963
198 650
198 207
199 235
201 202
202 3891
202 548
203 204
207 610
207 570
208 209
210 211
216 4244
216 541
219 220
220 267
222 224
222 223
223 242
224 265
224 239
225 228
225 227
225 226
226 229
228 4896
229 266
231 234
236 237
240 242
240 241
241 252
241 251
243 245
243 244
244 246
250 1104
250 1099
250 1060
251 260
252 265
253 254
258 259
260 261
268 271
268 270
268 269
269 316
269 315
269 314
269 310
269 309
270 398
270 376
272 275
272 274
272 273
273 278
273 277
273 276
274 409
275 420
275 392
276 395
276 387
276 329
276 322
276 321
276 278
277 405
277 404
278 376
278 314
279 281
279 280
280 286
280 285
280 284
280 283
280 282
281 410
281 362
281 333
282 372
282 371
282 368
282 321
282 318
282 305
282 286
285 372
287 289
287 288
288 385
288 364
288 289
289 409
289 397
289 392
290 292
290 291
291 411
291 366
291 297
292 422
292 353
293 294
294 300
294 295
295 299
295 298
295 297
295 296
296 327
296 326
296 325
296 324
296 308
297 385
297 380
297 366
297 322
298 299
299 423
299 366
300 406
300 320
301 302
302 303
303 308
303 307
303 306
303 305
303 304
304 367
304 308
304 307
304 306
304 305
305 389
305 329
305 307
306 307
307 370
307 369
307 368
307 367
308 327
309 313
309 312
309 311
309 310
311 400
311 315
311 313
312 313
314 317
317 4465
318 320
318 319
319 322
319 321
321 373
321 329
322 353
322 328
323 324
325 330
325 326
328 330
328 329
330 341
330 340
331 336
331 335
331 334
331 333
331 332
332 339
332 338
332 337
334 417
334 349
334 335
337 341
337 340
338 349
339 410
339 346
339 345
342 344
342 343
343 401
343 400
344 4484
344 4439
345 346
347 348
348 390
348 384
348 383
350 351
351 353
351 352
352 414
353 379
353 355
354 355
355 361
355 360
355 359
355 357
355 356
357 358
361 402
361 379
362 363
364 365
365 396
365 395
367 370
367 369
367 368
368 370
368 369
369 372
369 370
370 386
373 1421
373 1267
374 375
375 377
375 376
376 412
377 4504
377 4498
377 4494
377 4493
378 379
381 382
382 383
383 384
384 414
384 407
387 388
391 394
391 393
391 392
392 419
392 418
392 409
394 4503
395 397
396 403
398 399
399 1356
399 1354
399 1258
399 1166
399 1160
401 4443
401 4442
406 421
407 408
410 416
410 415
412 413
420 4499
424 430
424 429
424 428
424 427
424 426
424 425
425 433
425 432
425 431
426 507
426 436
428 507
428 429
429 488
430 484
431 454
431 453
431 433
432 504
432 503
432 464
432 451
432 433
437 2456
438 439
439 508
439 495
439 491
439 448
440 442
440 441
441 477
442 2436
442 2435
442 2433
442 2423
442 2405
442 2398
442 2392
442 2293
442 891
442 466
443 444
444 448
444 447
444 446
444 445
445 452
445 451
445 450
445 449
446 456
446 455
447 474
449 471
449 470
449 469
449 468
449 467
449 452
450 473
451 501
451 485
452 509
453 466
453 465
453 464
453 463
453 462
453 461
453 460
454 2328
454 2327
454 2316
454 2315
454 2314
455 517
455 508
456 475
456 473
457 497
457 478
458 2293
458 902
459 2494
459 2438
459 2325
464 497
464 466
465 2340
465 2308
465 2298
466 2433
469 480
469 479
470 514
470 513
470 512
471 515
471 498
472 473
473 475
473 474
474 511
474 510
474 509
476 477
477 478
478 520
480 1547
480 1516
481 483
481 482
482 515
483 1598
484 490
484 489
484 488
484 487
484 486
484 485
487 506
488 506
489 502
489 495
490 502
490 494
491 495
491 494
491 493
491 492
493 501
496 497
498 500
498 499
499 1807
499 1447
501 502
503 505
504 4093
505 1367
508 516
511 525
511 515
513 524
514 1662
514 1603
518 519
519 521
519 520
521 523
522 523
526 528
526 527
527 541
527 540
527 536
528 4246
528 541
529 530
530 4245
531 532
532 534
532 533
533 539
533 536
534 547
534 543
534 539
535 538
535 537
535 536
537 550
537 539
538 543
540 551
541 4243
541 4242
541 4241
542 546
542 545
542 544
542 543
543 550
543 549
543 544
545 549
547 548
548 694
552 554
552 553
553 1489
554 1479
554 1478
554 1433
555 566
555 565
555 564
555 563
555 562
555 561
555 560
555 559
555 558
555 557
555 556
556 2514
556 2513
557 2822
557 2821
557 2820
557 2819
557 2818
557 2817
557 2799
557 2796
557 2761
557 565
557 564
557 563
558 2823
558 2684
558 2633
558 2632
558 562
559 2837
559 2836
559 2835
559 2834
559 2808
559 2806
559 2683
559 2513
560 3060
560 3059
561 3189
561 3188
561 3181
561 3041
561 3040
562 3213
563 3210
564 3211
565 3212
566 3292
567 568
568 571
568 570
568 569
569 579
570 650
570 636
570 623
571 615
572 573
573 577
573 576
573 575
573 574
575 615
575 614
575 613
576 643
576 615
577 648
577 647
577 646
577 615
578 580
578 579
579 642
579 640
579 624
579 615
579 580
580 599
580 598
580 594
581 584
581 583
581 582
582 635
582 634
582 633
582 632
582 631
582 585
583 639
583 638
583 637
583 627
583 585
584 634
584 587
585 586
586 635
586 587
588 591
588 590
588 589
589 635
589 634
592 593
593 645
593 635
593 634
594 599
594 598
594 597
594 596
594 595
597 599
597 598
599 633
600 601
601 4521
601 4520
601 4519
601 4518
601 4516
601 4513
601 4256
601 2565
601 997
601 967
601 930
601 926
601 920
601 636
601 610
602 603
603 605
604 605
605 609
605 607
605 606
607 608
608 4115
608 2480
609 2458
609 2403
609 2327
610 612
610 611
611 926
611 922
612 931
613 616
614 617
615 624
615 623
615 618
616 621
616 617
617 622
618 620
618 619
620 4289
624 649
625 628
625 627
625 626
626 630
626 629
630 643
630 639
631 636
632 636
637 641
638 641
639 644
640 641
641 642
643 644
648 4275
648 4248
648 4189
650 4318
650 4317
650 4257
650 2823
650 963
651 655
651 654
651 653
651 652
652 740
652 717
652 713
652 709
652 690
656 659
656 658
656 657
657 676
657 675
657 674
657 673
659 757
659 675
660 661
661 663
661 662
662 701
662 700
662 699
662 698
662 691
663 720
663 717
663 715
664 666
664 665
665 774
666 796
666 795
666 779
666 755
666 722
667 669
667 668
668 806
668 805
668 803
668 780
668 669
669 809
669 780
669 768
669 766
669 743
669 733
669 728
669 727
670 672
670 671
671 681
671 674
672 723
674 680
674 679
674 678
674 677
675 722
675 721
676 763
676 762
677 768
677 733
677 680
678 768
678 730
678 680
679 778
679 777
679 750
680 784
680 783
680 782
680 768
680 755
681 725
681 724
681 723
681 721
682 683
683 688
683 687
683 686
683 685
683 684
684 730
684 729
685 737
685 736
685 735
685 730
686 736
687 781
687 755
689 690
690 707
690 706
690 705
690 704
690 703
690 702
690 695
691 694
691 693
691 692
694 790
694 772
694 768
694 714
695 697
695 696
697 740
697 739
700 738
700 713
708 709
709 712
709 711
709 710
710 714
710 713
712 789
712 719
713 772
713 771
713 770
713 758
714 775
716 717
717 719
717 718
719 773
720 808
720 807
720 771
724 748
724 747
725 779
726 727
727 728
728 756
728 755
728 754
728 742
728 733
730 745
730 742
731 732
732 734
732 733
733 767
733 756
734 814
734 796
736 769
736 744
737 755
740 792
741 742
742 745
742 744
742 743
743 746
744 788
744 787
745 804
748 764
748 760
749 753
749 752
749 751
749 750
750 752
751 799
751 797
752 801
752 763
753 811
753 793
755 761
755 756
756 785
759 760
760 761
761 786
763 776
765 766
768 810
768 790
771 800
772 815
788 812
790 791
793 794
796 813
797 798
802 803
810 3916
810 3915
810 3914
810 3912
810 3906
810 3886
816 819
816 818
816 817
817 823
817 822
817 821
817 820
818 843
818 842
819 862
819 833
819 823
820 842
820 841
820 840
820 821
821 845
821 844
821 822
822 856
822 855
822 853
822 852
823 913
823 825
824 825
825 837
825 836
825 835
825 827
826 830
826 829
826 828
826 827
827 834
827 833
827 832
827 831
828 861
828 832
828 829
829 864
829 863
829 861
829 839
830 883
830 864
832 862
833 882
834 905
834 894
834 883
836 902
837 1573
837 905
837 888
838 839
839 885
839 884
839 879
839 864
839 851
839 850
843 846
844 847
845 881
845 878
846 847
847 2504
847 2431
847 2409
848 851
848 850
848 849
849 866
849 865
850 888
850 856
851 904
851 903
851 886
851 868
851 856
851 854
853 854
854 856
855 860
855 859
855 858
855 857
857 911
858 912
859 872
860 872
861 862
864 889
865 880
865 879
866 915
867 868
869 870
870 878
870 877
870 874
870 872
871 872
872 873
874 876
874 875
875 878
880 914
881 4932
881 4787
882 890
883 898
883 897
885 899
886 887
887 4938
887 4936
888 901
888 900
890 891
891 2454
892 893
893 896
893 895
893 894
895 910
895 909
895 908
896 1441
898 907
901 1611
901 1610
901 1560
901 1257
901 905
903 906
907 908
908 910
910 1366
910 1365
911 1573
912 1573
914 915
915 916
916 4939
917 919
917 918
918 921
918 920
919 969
919 968
920 928
920 927
921 4511
921 4510
921 930
922 925
922 924
922 923
923 937
923 925
924 1001
926 956
926 955
926 954
927 945
928 951
929 930
931 944
931 943
931 942
931 941
931 940
931 939
931 938
931 937
931 936
931 935
931 934
931 933
931 932
932 997
932 985
932 971
932 946
935 1005
935 936
936 1012
936 1009
936 953
945 950
945 949
945 948
945 947
945 946
946 996
946 995
946 991
946 989
946 966
946 965
946 950
947 964
949 1010
949 1009
949 1001
950 1002
951 953
951 952
952 1013
952 953
954 992
954 957
955 1006
955 1001
956 1007
957 958
958 959
959 960
960 2403
961 962
962 963
963 4330
963 4329
964 967
964 966
964 965
968 977
968 976
968 975
968 974
968 973
968 972
968 971
968 970
969 992
970 979
970 978
971 995
973 976
974 1003
975 1012
975 1000
976 992
977 1017
977 1016
978 984
978 983
978 982
978 981
978 980
985 988
985 987
985 986
989 990
992 994
992 993
993 1008
994 1015
994 1014
994 1007
994 1006
994 998
995 1003
995 1002
995 996
996 1004
996 1003
998 1000
998 999
999 1014
999 1003
1000 1011
1001 1006
1002 1011
1004 1023
1004 1022
1005 1008
1006 1013
1006 1010
1006 1007
1007 1015
1007 1013
1008 1013
1011 1013
1011 1012
1016 1019
1016 1018
1017 1021
1017 1020
1022 1025
1022 1024
1023 1027
1023 1026
1028 1030
1028 1029
1029 1056
1029 1035
1031 1034
1031 1033
1031 1032
1032 1034
1033 1035
1034 1100
1034 1059
1035 1050
1035 1049
1036 1040
1036 1039
1036 1038
1036 1037
1038 1085
1038 1040
1039 1119
1039 1084
1039 1082
1039 1079
1040 1136
1040 1135
1040 1081
1040 1080
1040 1048
1040 1045
1040 1043
1041 1045
1041 1044
1041 1043
1041 1042
1042 1048
1042 1047
1042 1046
1043 1088
1043 1087
1045 1118
1046 1133
1046 1088
1049 1052
1049 1051
1050 1125
1050 1123
1051 1062
1052 1089
1052 1060
1053 1057
1053 1056
1053 1055
1053 1054
1054 1059
1054 1058
1054 1057
1055 1128
1056 1132
1056 1131
1056 1130
1056 1127
1056 1106
1056 1103
1056 1091
1056 1075
1056 1060
1057 1129
1057 1059
1058 1061
1058 1060
1060 1104
1060 1102
1063 1068
1063 1067
1063 1066
1063 1065
1063 1064
1064 1071
1064 1070
1064 1069
1065 1073
1065 1072
1065 1069
1066 1098
1067 1113
1067 1112
1068 1111
1069 1076
1069 1075
1069 1074
1070 1090
1071 1103
1072 1105
1072 1074
1073 1149
1073 1124
1073 1111
1074 1106
1074 1103
1076 1103
1077 1082
1077 1081
1077 1080
1077 1079
1077 1078
1078 1084
1078 1083
1079 1110
1080 1139
1080 1108
1081 1139
1081 1108
1082 1150
1083 1086
1084 1096
1085 1107
1085 1100
1085 1093
1088 1116
1089 1091
1089 1090
1090 1113
1090 1091
1091 1149
1092 1094
1092 1093
1093 1100
1093 1099
1094 1122
1095 1097
1095 1096
1096 1110
1097 1120
1098 1103
1100 1138
1100 1129
1101 1103
1101 1102
1102 1104
1103 1140
1103 1128
1105 1126
1108 1109
1109 1147
1109 1137
1109 1135
1112 1113
1113 1124
1114 1115
1115 4894
1116 1117
1119 1121
1119 1120
1120 1121
1121 1150
1126 1127
1134 1136
1134 1135
1135 1137
1136 1139
1136 1137
1137 1139
1142 1148
1148 4923
1148 4905
1150 1151
1152 1157
1152 1156
1152 1155
1152 1154
1152 1153
1153 1158
1154 1158
1155 1891
1155 1890
1156 2009
1157 1890
1158 1765
1158 1399
1159 1164
1159 1163
1159 1162
1159 1161
1159 1160
1160 1167
1161 1455
1161 1358
1162 1625
1163 2018
1164 2021
1165 1166
1166 1259
1167 1260
1167 1259
1167 1258
1167 1257
1167 1256
1167 1255
1167 1241
1167 1239
1167 1233
1168 1171
1168 1170
1168 1169
1169 1760
1170 2165
1171 1808
1172 1175
1172 1174
1172 1173
1173 1176
1174 1803
1174 1802
1174 1176
1175 1998
1175 1340
1176 1805
1176 1804
1176 1651
1176 1618
1176 1344
1176 1343
1177 1184
1177 1183
1177 1182
1177 1181
1177 1180
1177 1179
1177 1178
1178 1186
1178 1185
1179 1180
1180 1219
1181 1671
1181 1650
1181 1396
1182 1619
1183 1618
1184 1935
1184 1934
1185 1622
1185 1617
1186 1767
1186 1766
1186 1765
1186 1764
1186 1753
1186 1476
1187 1190
1187 1189
1187 1188
1188 1899
1189 2008
1190 1676
1191 1198
1191 1197
1191 1196
1191 1195
1191 1194
1191 1193
1191 1192
1192 1200
1192 1199
1193 1508
1193 1507
1193 1496
1193 1199
1194 1538
1194 1537
1195 1642
1195 1641
1195 1640
1196 1689
1196 1558
1197 1373
1198 1921
1198 1920
1198 1919
1198 1918
1198 1917
1198 1916
1198 1915
1198 1914
1199 1378
1200 1688
1200 1640
1200 1622
1200 1363
1200 1323
1200 1210
1201 1204
1201 1203
1201 1202
1202 1205
1203 1454
1203 1450
1203 1433
1203 1388
1203 1256
1203 1204
1204 1869
1204 1868
1204 1867
1204 1775
1204 1595
1204 1516
1204 1216
1205 1207
1205 1206
1206 1548
1207 1450
1208 1209
1209 1571
1209 1570
1209 1569
1209 1568
1209 1567
1209 1566
1209 1565
1209 1564
1209 1563
1209 1230
1209 1222
1210 1214
1210 1213
1210 1212
1210 1211
1212 1595
1212 1420
1212 1324
1212 1323
1212 1213
1213 1674
1213 1673
1213 1661
1214 1710
1214 1363
1214 1331
1214 1323
1215 1217
1215 1216
1216 1721
1216 1720
1216 1719
1216 1718
1216 1717
1216 1714
1216 1583
1216 1472
1216 1278
1217 1885
1218 1221
1218 1220
1218 1219
1220 1928
1221 1374
1222 1225
1222 1224
1222 1223
1223 1871
1223 1791
1224 1937
1226 1229
1226 1228
1226 1227
1228 1821
1228 1268
1228 1264
1228 1247
1228 1246
1230 1231
1231 1284
1231 1283
1231 1282
1231 1281
1231 1280
1231 1279
1231 1278
1232 1238
1232 1237
1232 1236
1232 1235
1232 1234
1232 1233
1233 1240
1233 1239
1234 1244
1234 1243
1234 1242
1234 1241
1234 1239
1235 1254
1236 1760
1236 1759
1236 1244
1237 1559
1238 1852
1238 1602
1238 1574
1238 1530
1238 1502
1239 1245
1240 1277
1240 1276
1240 1273
1241 1254
1241 1253
1241 1252
1241 1251
1241 1250
1241 1249
1242 1559
1243 1562
1245 1760
1245 1370
1246 1248
1246 1247
1247 1687
1247 1686
1247 1685
1247 1684
1248 1302
1249 1325
1249 1251
1250 1469
1250 1468
1250 1467
1250 1256
1251 1865
1252 2022
1253 2048
1254 2236
1255 1261
1256 1473
1256 1472
1256 1471
1256 1470
1256 1420
1256 1416
1256 1260
1257 1741
1257 1740
1257 1601
1257 1370
1257 1277
1258 1808
1260 1562
1261 1610
1261 1573
1261 1524
1262 1266
1262 1265
1262 1264
1262 1263
1263 1268
1263 1267
1264 1272
1264 1271
1264 1270
1264 1269
1265 2257
1265 1269
1265 1266
1267 1491
1267 1490
1268 1738
1268 1684
1268 1353
1269 1491
1269 1272
1270 2249
1270 2248
1271 2257
1272 2268
1272 2267
1273 1275
1273 1274
1274 1649
1275 1774
1276 1732
1276 1603
1277 1772
1279 1509
1280 1757
1281 2085
1281 1714
1282 2119
1282 1571
1283 1886
1284 2032
1285 1291
1285 1290
1285 1289
1285 1288
1285 1287
1285 1286
1286 1293
1286 1292
1287 1636
1287 1635
1287 1634
1287 1431
1287 1292
1288 1889
1288 1846
1288 1543
1288 1542
1288 1430
1288 1429
1288 1427
1288 1389
1289 1841
1290 1542
1291 1431
1292 1637
1293 1479
1293 1434
1293 1431
1294 1299
1294 1298
1294 1297
1294 1296
1294 1295
1295 1301
1295 1300
1296 1572
1296 1372
1297 1727
1297 1319
1298 1806
1298 1770
1298 1692
1298 1594
1299 1941
1299 1940
1300 1409
1300 1408
1300 1309
1301 1820
1301 1819
1301 1818
1301 1688
1301 1537
1301 1499
1302 1307
1302 1306
1302 1305
1302 1304
1302 1303
1303 1835
1303 1834
1303 1833
1303 1832
1303 1831
1303 1830
1303 1829
1303 1828
1303 1350
1304 2125
1305 1464
1306 2241
1307 2217
1308 1313
1308 1312
1308 1311
1308 1310
1308 1309
1309 1321
1309 1320
1309 1319
1309 1318
1309 1317
1309 1316
1309 1315
1309 1314
1310 1413
1310 1412
1312 2028
1313 1856
1314 1324
1314 1323
1314 1322
1315 1394
1315 1393
1315 1322
1317 1599
1318 1693
1318 1692
1319 1706
1319 1705
1319 1704
1319 1703
1319 1384
1320 1583
1321 1345
1323 1616
1323 1364
1324 1756
1324 1703
1324 1622
1326 1329
1326 1328
1326 1327
1327 1543
1327 1542
1327 1541
1328 1846
1328 1844
1328 1749
1329 1764
1329 1755
1330 1331
1332 1334
1332 1333
1333 1948
1333 1447
1334 1949
1335 1336
1336 1346
1336 1345
1336 1344
1336 1343
1337 1339
1337 1338
1338 2182
1339 2208
1340 1342
1340 1341
1341 1892
1342 1977
1343 1824
1344 1825
1345 1756
1345 1659
1345 1592
1346 1717
1347 1353
1347 1352
1347 1351
1347 1350
1347 1349
1347 1348
1348 1505
1348 1504
1349 1730
1349 1479
1349 1463
1350 1837
1350 1836
1350 1738
1350 1731
1350 1505
1351 1838
1351 1730
1351 1638
1352 1960
1352 1959
1352 1958
1352 1957
1352 1956
1352 1955
1354 1355
1355 1357
1356 4506
1356 4505
1357 1358
1359 1360
1360 1362
1360 1361
1361 1461
1361 1457
1362 1633
1362 1424
1363 1364
1364 1594
1364 1593
1364 1377
1364 1376
1365 1773
1366 1772
1367 1593
1367 1377
1368 1370
1368 1369
1369 1371
1371 2187
1372 1373
1374 1375
1375 1861
1376 1379
1376 1378
1376 1377
1377 1677
1377 1633
1378 1586
1379 2794
1379 2624
1380 1383
1380 1382
1380 1381
1381 1392
1381 1391
1382 1859
1383 1993
1383 1992
1383 1991
1384 1386
1384 1385
1385 1592
1385 1591
1385 1590
1385 1589
1386 2001
1386 2000
1386 1590
1387 1390
1387 1389
1387 1388
1388 1800
1388 1798
1388 1797
1388 1511
1388 1454
1389 1484
1389 1482
1389 1433
1391 1823
1391 1822
1391 1768
1391 1704
1391 1619
1395 1403
1395 1402
1395 1401
1395 1400
1395 1399
1395 1398
1395 1397
1395 1396
1397 1695
1397 1398
1398 1736
1398 1481
1399 1754
1399 1753
1399 1748
1399 1627
1399 1552
1399 1484
1400 1827
1400 1695
1401 1482
1401 1433
1402 2013
1403 2012
1403 2011
1404 1405
1405 1407
1405 1406
1406 1851
1406 1850
1406 1646
1407 1798
1408 1812
1409 2015
1409 2014
1409 1970
1409 1909
1410 1411
1411 1561
1412 1858
1412 1857
1412 1856
1413 2126
1414 1415
1415 1422
1415 1421
1415 1420
1415 1416
1416 1419
1416 1418
1416 1417
1417 1531
1418 1836
1419 1837
1420 1474
1421 1728
1421 1683
1422 1511
1422 1474
1423 1425
1423 1424
1424 1426
1425 2064
1426 1645
1426 1643
1427 1431
1427 1430
1427 1429
1427 1428
1428 1722
1428 1429
1429 1742
1429 1722
1429 1639
1429 1434
1429 1431
1430 1849
1431 1681
1431 1639
1431 1634
1432 1435
1432 1434
1432 1433
1433 1479
1433 1478
1433 1477
1433 1475
1433 1435
1435 1855
1435 1789
1435 1483
1435 1482
1436 1438
1436 1437
1437 1692
1438 1598
1439 1442
1439 1441
1439 1440
1440 1445
1440 1444
1440 1443
1442 2226
1443 1456
1443 1445
1444 1560
1445 1612
1446 1449
1446 1448
1446 1447
1447 1713
1447 1712
1447 1711
1447 1710
1447 1707
1447 1599
1447 1563
1448 1874
1449 2148
1449 1708
1450 1453
1450 1452
1450 1451
1451 1700
1451 1699
1451 1596
1452 1646
1453 1544
1455 2034
1456 1600
1457 1460
1457 1459
1457 1458
1458 1588
1459 1488
1461 1669
1461 1666
1461 1586
1462 1466
1462 1465
1462 1464
1462 1463
1463 1635
1463 1634
1463 1465
1466 1635
1467 2127
1468 1533
1469 2047
1471 1796
1471 1718
1472 1816
1473 1754
1474 1595
1474 1476
1475 1476
1476 1789
1476 1683
1476 1477
1478 1489
1479 1682
1479 1681
1479 1680
1479 1679
1479 1678
1479 1638
1479 1539
1480 1481
1481 2275
1482 1485
1482 1484
1482 1483
1483 1844
1483 1843
1483 1842
1485 2046
1485 2045
1485 1843
1486 1488
1486 1487
1487 1498
1489 1681
1489 1679
1489 1539
1492 1494
1492 1493
1493 1743
1494 1845
1495 1497
1495 1496
1496 1506
1497 1667
1498 2590
1498 2589
1498 2588
1498 2587
1500 1503
1500 1502
1500 1501
1501 1562
1503 2018
1505 1577
1507 1575
1508 1554
1509 1888
1509 1887
1509 1886
1509 1885
1509 1607
1510 1512
1510 1511
1511 1513
1512 1596
1513 1880
1513 1879
1514 1516
1514 1515
1515 1603
1515 1519
1516 1875
1516 1874
1517 1520
1517 1519
1517 1518
1518 1521
1519 1665
1519 1664
1519 1529
1520 1872
1521 2065
1522 1524
1522 1523
1523 1525
1524 1526
1525 1732
1525 1663
1526 1604
1526 1603
1527 1530
1527 1529
1527 1528
1528 1657
1529 1733
1531 1536
1531 1535
1531 1534
1531 1533
1531 1532
1532 1747
1532 1746
1532 1745
1536 2089
1537 1538
1538 2170
1539 1540
1540 1965
1544 1545
1545 1546
1546 1737
1546 1714
1548 1782
1548 1716
1549 1553
1549 1552
1549 1551
1549 1550
1550 1597
1551 1779
1552 1628
1553 2096
1553 2095
1553 2082
1553 2060
1554 1558
1554 1557
1554 1556
1554 1555
1555 1801
1556 2097
1556 2039
1556 1931
1556 1929
1557 2037
1559 1602
1561 1574
1562 1781
1562 1574
1565 1809
1565 1614
1566 1872
1567 2044
1568 2093
1570 1615
1572 2115
1572 2114
1572 2051
1575 1576
1576 1587
1576 1586
1576 1584
1578 1582
1578 1581
1578 1580
1578 1579
1579 1583
1580 1715
1581 1763
1582 1936
1584 1585
1585 1670
1585 1666
1586 1587
1588 1668
1589 1659
1589 1658
1590 2129
1590 2128
1591 2131
1591 2130
1592 1913
1593 1771
1597 1779
1599 1609
1600 1601
1601 1656
1601 1654
1601 1653
1602 1781
1604 1672
1604 1661
1605 1608
1605 1607
1605 1606
1606 1936
1608 1790
1609 2154
1611 1741
1613 1614
1617 1621
1617 1620
1617 1619
1617 1618
1618 1794
1619 1848
1619 1847
1620 2162
1620 2161
1620 2106
1620 2100
1620 1991
1621 2276
1622 1768
1623 1624
1624 1625
1626 1632
1626 1631
1626 1630
1626 1629
1626 1628
1626 1627
1629 1932
1630 1963
1630 1632
1631 2019
1632 2206
1632 2019
1633 1676
1633 1675
1634 1639
1634 1638
1635 1636
1636 1841
1636 1840
1636 1839
1637 2281
1641 1883
1641 1882
1641 1863
1642 2167
1642 2103
1642 2062
1642 1939
1643 1644
1644 1971
1645 1771
1645 1692
1646 1648
1646 1647
1647 1884
1647 1783
1649 1870
1650 1652
1650 1651
1651 1854
1652 1996
1652 1671
1654 1655
1655 2171
1656 2187
1657 1793
1658 2087
1659 1913
1660 1661
1662 1665
1662 1664
1662 1663
1664 1784
1666 1670
1666 1669
1666 1668
1666 1667
1668 1670
1671 2070
1671 1988
1674 1810
1674 1710
1675 2173
1676 2243
1677 2943
1677 2942
1678 1683
1679 1691
1680 1800
1682 2277
1686 1821
1686 1687
1687 2272
1687 2271
1689 1690
1690 2081
1690 2079
1691 2176
1691 1966
1693 1923
1694 1695
1696 1698
1696 1697
1697 1816
1697 1783
1698 1796
1699 1702
1699 1701
1699 1700
1700 1795
1701 1799
1701 1798
1702 2125
1702 1799
1704 1768
1705 2098
1705 2000
1705 1978
1706 2128
1706 2099
1706 1978
1707 1709
1707 1708
1709 1937
1712 1820
1713 1804
1714 1716
1714 1715
1717 1761
1718 1782
1719 1788
1720 1866
1720 1775
1721 1868
1721 1787
1723 1724
1724 1726
1724 1725
1725 2021
1726 2022
1727 2180
1727 1981
1728 1730
1728 1729
1729 1731
1732 1735
1732 1734
1732 1733
1734 1870
1737 1866
1738 1739
1739 2185
1739 2184
1739 2183
1742 2084
1743 1744
1744 1851
1745 2127
1746 1964
1747 2238
1748 1752
1748 1751
1748 1750
1748 1749
1749 1755
1750 1752
1751 2091
1751 1891
1752 2060
1752 1932
1757 1758
1758 1878
1758 1877
1758 1783
1759 1780
1760 1780
1760 1772
1761 1763
1761 1762
1762 2201
1769 1770
1771 1777
1772 1774
1772 1773
1775 1776
1776 2197
1776 2189
1777 1778
1778 1785
1779 2198
1782 1783
1783 1817
1785 1786
1790 1792
1790 1791
1792 2225
1793 1845
1794 2132
1794 1908
1798 1799
1801 2116
1801 1968
1802 1826
1802 1825
1802 1824
1803 2178
1805 2162
1807 2148
1809 1811
1809 1810
1812 2207
1812 1970
1812 1962
1812 1902
1812 1895
1813 1815
1813 1814
1814 2165
1815 2187
1818 1863
1819 1894
1822 2068
1822 1986
1823 2239
1823 2068
1823 1980
1826 1977
1826 1976
1827 2181
1828 2250
1829 2247
1830 2240
1831 2184
1832 2241
1833 2250
1834 2256
1835 2255
1838 2221
1838 2220
1838 2219
1838 2218
1838 2217
1838 2216
1842 2145
1843 2058
1843 2006
1847 2263
1847 2193
1848 2213
1848 2192
1849 2196
1853 1854
1855 2261
1855 2195
1855 2045
1855 2006
1857 2153
1857 2152
1857 1892
1859 1862
1859 1861
1859 1860
1860 1933
1862 2107
1863 1864
1865 2234
1865 2228
1866 2233
1866 2212
1866 2189
1866 2188
1869 2280
1872 1873
1873 2223
1873 2112
1873 1875
1874 1876
1875 2194
1875 2177
1875 2066
1878 2204
1880 1881
1881 1964
1882 2203
1883 2230
1883 2174
1883 2105
1884 2204
1887 2104
1888 2225
1890 2043
1890 2042
1893 1895
1893 1894
1894 1905
1894 1904
1894 1903
1894 1902
1894 1901
1896 1898
1896 1897
1897 1944
1897 1939
1898 2057
1899 1900
1903 2050
1904 2134
1905 2114
1906 1908
1906 1907
1907 2164
1907 2135
1907 2053
1909 1910
1911 1913
1911 1912
1912 2025
1913 2054
1914 2057
1914 2056
1914 2055
1914 1975
1915 2076
1915 1939
1917 1938
1918 2156
1918 2075
1919 2074
1921 2258
1922 1924
1922 1923
1924 2029
1925 1927
1925 1926
1926 2118
1927 2058
1928 2002
1929 1931
1929 1930
1930 2117
1933 1961
1938 1939
1939 2094
1939 2073
1940 1943
1940 1942
1941 2207
1942 2014
1942 1981
1943 2014
1944 2215
1945 1947
1945 1946
1946 1994
1947 2232
1947 2231
1949 1950
1951 1954
1951 1953
1951 1952
1952 2098
1952 1953
1954 2150
1955 1965
1955 1960
1956 1959
1956 1958
1957 1958
1958 1960
1959 1965
1961 1962
1962 2069
1963 2096
1963 2019
1965 1966
1966 2176
1967 1969
1967 1968
1968 2124
1969 2124
1971 1972
1973 1975
1973 1974
1974 2159
1975 2231
1975 2200
1978 1980
1978 1979
1979 1982
1979 1981
1980 1986
1982 2227
1983 1986
1983 1985
1983 1984
1984 2214
1984 2136
1985 2263
1985 2132
1986 2239
1986 2214
1987 1990
1987 1989
1987 1988
1989 1995
1990 2026
1991 2040
1992 2067
1992 1993
1995 1996
1997 1999
1997 1998
2001 2128
2002 2004
2002 2003
2003 2005
2004 2020
2005 2172
2005 2151
2006 2007
2007 2058
2007 2045
2008 2064
2009 2010
2010 2091
2011 2012
2013 2151
2014 2017
2014 2016
2015 2100
2016 2069
2016 2067
2016 2041
2017 2235
2020 2070
2023 2026
2023 2025
2023 2024
2024 2164
2026 2162
2027 2029
2027 2028
2029 2108
2030 2032
2030 2031
2031 2138
2031 2033
2034 2035
2036 2038
2036 2037
2038 2039
2040 2041
2041 2191
2043 2151
2047 2048
2049 2051
2049 2050
2050 2170
2050 2111
2050 2110
2052 2054
2052 2053
2055 2144
2055 2141
2056 2077
2057 2072
2059 2060
2060 2082
2060 2061
2062 2063
2063 2159
2065 2066
2066 2177
2067 2068
2070 2123
2071 2073
2071 2072
2074 2075
2076 2077
2077 2149
2078 2080
2078 2079
2083 2084
2085 2086
2086 2202
2087 2088
2088 2137
2088 2136
2088 2135
2089 2090
2092 2093
2094 2160
2097 2120
2098 2099
2100 2190
2101 2103
2101 2102
2102 2175
2106 2107
2108 2163
2109 2111
2109 2110
2112 2113
2113 2179
2116 2117
2118 2145
2119 2186
2120 2139
2121 2123
2121 2122
2122 2222
2122 2133
2128 2214
2128 2213
2129 2205
2129 2130
2130 2150
2131 2205
2131 2137
2132 2133
2134 2160
2139 2166
2140 2143
2140 2142
2140 2141
2142 2169
2142 2168
2142 2143
2143 2237
2144 2269
2144 2266
2145 2147
2145 2146
2147 2274
2148 2194
2149 2157
2152 2153
2155 2156
2157 2158
2158 2215
2158 2167
2159 2200
2162 2222
2166 2203
2171 2182
2174 2175
2177 2194
2179 2223
2180 2259
2183 2247
2185 2247
2187 2209
2187 2208
2188 2189
2190 2262
2190 2245
2191 2193
2191 2192
2195 2196
2196 2264
2196 2261
2197 2212
2198 2199
2199 2210
2201 2233
2203 2230
2204 2211
2206 2274
2213 2239
2216 2242
2217 2251
2217 2218
2218 2246
2219 2253
2220 2246
2221 2246
2223 2224
2227 2262
2227 2260
2228 2229
2230 2273
2232 2269
2235 2259
2240 2241
2241 2254
2242 2253
2242 2252
2243 2244
2247 2250
2251 2253
2251 2252
2252 2254
2255 2256
2257 2270
2259 2260
2260 2265
2278 2280
2278 2279
2279 2281
2282 2284
2282 2283
2283 2293
2284 2293
2285 2286
2286 2491
2286 2490
2286 2489
2286 2488
2286 2481
2286 2475
2286 2447
2286 2442
2286 2441
2286 2416
2286 2412
2286 2328
2287 2289
2287 2288
2288 2310
2288 2309
2289 2490
2290 2292
2290 2291
2291 2366
2292 2500
2294 2296
2294 2295
2295 2495
2295 2352
2296 4875
2296 4860
2296 2408
2297 2299
2297 2298
2298 2473
2298 2339
2299 2368
2300 2302
2300 2301
2301 2366
2301 2340
2302 2492
2302 2439
2302 2368
2303 2305
2303 2304
2304 2440
2305 2307
2306 2308
2306 2307
2307 2390
2309 2312
2309 2311
2309 2310
2310 2459
2310 2447
2310 2427
2310 2311
2311 2312
2312 2497
2312 2496
2312 2491
2313 2314
2314 2316
2315 2323
2315 2322
2315 2321
2315 2320
2315 2319
2315 2318
2315 2317
2315 2316
2316 2326
2316 2325
2316 2324
2317 2323
2319 2323
2320 2483
2320 2322
2321 2483
2323 2456
2323 2438
2324 2329
2324 2325
2325 2463
2325 2462
2325 2461
2325 2460
2325 2429
2325 2331
2326 2489
2326 2488
2327 2350
2327 2349
2327 2348
2327 2347
2327 2346
2327 2328
2328 2349
2328 2348
2329 2470
2330 2332
2330 2331
2331 2337
2332 2473
2333 2334
2334 2338
2335 2337
2335 2336
2336 2339
2338 2345
2339 2404
2340 2440
2341 2344
2341 2343
2341 2342
2342 2367
2343 2431
2344 2503
2344 2502
2344 2501
2344 2500
2344 2499
2344 2498
2345 2484
2346 2403
2346 2402
2346 2401
2346 2400
2346 2347
2347 2450
2347 2449
2347 2448
2347 2350
2348 2376
2349 2467
2349 2396
2350 2355
2351 2352
2352 2355
2352 2354
2352 2353
2354 2372
2355 2443
2355 2427
2355 2426
2356 2358
2356 2357
2357 2438
2357 2437
2357 2406
2359 2361
2359 2360
2360 2465
2360 2464
2360 2369
2361 2460
2362 2365
2362 2364
2362 2363
2363 2368
2363 2367
2363 2366
2364 4528
2364 2383
2365 2384
2366 2389
2366 2388
2366 2387
2366 2386
2366 2385
2366 2381
2368 2482
2369 2370
2370 2470
2370 2430
2371 2373
2371 2372
2373 2505
2374 2377
2374 2376
2374 2375
2375 2457
2375 2376
2376 2481
2376 2474
2376 2469
2376 2468
2377 2396
2378 2380
2378 2379
2379 2397
2380 2487
2380 2455
2381 2384
2381 2383
2381 2382
2383 4668
2387 2390
2388 4727
2388 4552
2388 2389
2389 4751
2389 4666
2389 4543
2389 2499
2391 2393
2391 2392
2392 2434
2393 2487
2394 2396
2394 2395
2395 2426
2396 2469
2396 2468
2396 2467
2396 2459
2397 2455
2397 2445
2398 2399
2399 2452
2399 2451
2399 2422
2403 2477
2404 2407
2405 2406
2407 2408
2408 4898
2409 2410
2410 2419
2411 2416
2411 2415
2411 2414
2411 2413
2411 2412
2412 2418
2412 2417
2415 2416
2418 2457
2419 2439
2420 2421
2421 2422
2422 2423
2423 2454
2423 2453
2424 2427
2424 2426
2424 2425
2426 2443
2428 2430
2428 2429
2430 2464
2432 2433
2434 2472
2434 2471
2434 2446
2435 2454
2436 2472
2437 2438
2438 2494
2441 2442
2444 2446
2444 2445
2451 2452
2458 4875
2458 4553
2465 2470
2466 2467
2472 2487
2474 2475
2476 2478
2476 2477
2477 2485
2477 2484
2477 2479
2479 2480
2482 4756
2485 2486
2486 4901
2486 4899
2486 4897
2492 4774
2492 4612
2492 4586
2492 4563
2493 2494
2495 4875
2499 4699
2499 4698
2501 4773
2501 4772
2501 4698
2501 2503
2502 4827
2502 4825
2502 4824
2503 4824
2504 4787
2504 4786
2504 4737
2506 2508
2506 2507
2507 4584
2507 4583
2507 4582
2507 4581
2508 4713
2509 2510
2510 2512
2510 2511
2511 2626
2511 2625
2511 2624
2511 2621
2511 2615
2512 2759
2512 2756
2512 2744
2512 2658
2512 2626
2512 2624
2513 2683
2513 2682
2513 2681
2513 2680
2513 2679
2513 2603
2514 3021
2514 3020
2514 3019
2514 3018
2514 2711
2515 2517
2515 2516
2516 3125
2516 2694
2517 3126
2517 2548
2518 2521
2518 2520
2518 2519
2519 2692
2519 2691
2519 2690
2519 2686
2519 2571
2519 2520
2520 2932
2520 2925
2520 2628
2520 2606
2520 2581
2520 2537
2520 2535
2520 2532
2521 3023
2521 3022
2522 2524
2522 2523
2523 2833
2523 2832
2523 2831
2523 2830
2523 2829
2523 2828
2523 2782
2523 2591
2524 2970
2524 2969
2524 2968
2524 2829
2524 2766
2524 2735
2524 2620
2524 2619
2524 2615
2524 2614
2524 2563
2525 2526
2526 2944
2526 2800
2526 2762
2526 2761
2526 2760
2526 2753
2526 2752
2526 2712
2527 2529
2527 2528
2528 2530
2530 2940
2530 2628
2531 2533
2531 2532
2532 2921
2534 2546
2534 2545
2534 2544
2534 2543
2534 2542
2534 2541
2534 2540
2534 2539
2534 2538
2534 2537
2534 2536
2534 2535
2535 2551
2536 2649
2536 2648
2537 2772
2538 2937
2538 2918
2538 2651
2538 2650
2539 2971
2539 2649
2540 2976
2540 2865
2541 2977
2541 2865
2542 3038
2542 3037
2542 3036
2542 3035
2542 3034
2542 3033
2542 3032
2542 3031
2542 2957
2542 2772
2542 2543
2543 3039
2544 3092
2545 2804
2546 3095
2546 2740
2547 2550
2547 2549
2547 2548
2548 2696
2548 2695
2548 2694
2548 2693
2549 2990
2549 2740
2550 3044
2550 3043
2550 2762
2550 2751
2551 3051
2551 2926
2552 2553
2553 2564
2553 2563
2553 2562
2553 2561
2553 2560
2553 2559
2553 2558
2553 2557
2553 2556
2553 2555
2553 2554
2555 2594
2555 2593
2556 2785
2556 2784
2556 2783
2556 2782
2557 2947
2557 2946
2557 2945
2557 2924
2557 2789
2557 2782
2557 2646
2558 2988
2558 2987
2559 2866
2560 2646
2563 3256
2564 3316
2564 2630
2565 2567
2565 2566
2566 4270
2566 4269
2567 4292
2567 4245
2568 2569
2569 2573
2569 2572
2569 2571
2569 2570
2571 2764
2571 2763
2571 2585
2572 2967
2572 2966
2572 2746
2573 2979
2573 2978
2573 2746
2573 2651
2573 2585
2574 2579
2574 2578
2574 2577
2574 2576
2574 2575
2576 3061
2576 2580
2578 2953
2578 2581
2578 2579
2580 2582
2580 2581
2581 2953
2581 2952
2581 2733
2581 2732
2581 2607
2583 2586
2583 2585
2583 2584
2584 2730
2584 2729
2584 2728
2584 2703
2584 2662
2584 2660
2585 2872
2585 2871
2585 2659
2585 2657
2587 2618
2587 2617
2587 2616
2587 2615
2587 2588
2588 3097
2589 3199
2589 3174
2589 3097
2589 2590
2590 3170
2590 3120
2590 2618
2591 2592
2592 2864
2592 2784
2593 3068
2593 3067
2593 3066
2593 3065
2593 3064
2593 2905
2594 3365
2594 2968
2595 2600
2595 2599
2595 2598
2595 2597
2595 2596
2597 2917
2597 2916
2597 2687
2597 2686
2597 2600
2598 3110
2598 3109
2598 2934
2598 2928
2598 2925
2598 2642
2598 2641
2598 2636
2598 2599
2601 2604
2601 2603
2601 2602
2602 2844
2602 2810
2602 2779
2602 2718
2603 2876
2603 2875
2603 2874
2603 2810
2603 2706
2603 2644
2603 2643
2604 3082
2604 3081
2604 3080
2604 3079
2605 2606
2606 2608
2606 2607
2607 2873
2608 3091
2608 3090
2608 3089
2608 3088
2608 3087
2608 3086
2609 2613
2609 2612
2609 2611
2609 2610
2610 3093
2610 2614
2611 3117
2611 3116
2611 3115
2611 3112
2611 2613
2612 3340
2612 3112
2614 2615
2615 2623
2615 2622
2615 2621
2615 2620
2615 2619
2617 3320
2617 3046
2617 3045
2618 3046
2619 2685
2621 2942
2621 2941
2621 2898
2621 2892
2621 2889
2622 3055
2622 2884
2623 3097
2623 3096
2623 3085
2623 3084
2624 2658
2625 2669
2625 2658
2626 2948
2627 2628
2629 2630
2630 2631
2631 3017
2631 2955
2632 2635
2632 2634
2632 2633
2633 2684
2633 2681
2636 2640
2636 2639
2636 2638
2636 2637
2637 2640
2637 2639
2638 3289
2638 3288
2638 3287
2639 2640
2643 2645
2643 2644
2644 2778
2644 2777
2644 2776
2644 2775
2646 2647
2647 3065
2647 2847
2649 2962
2650 2652
2650 2651
2651 2705
2651 2704
2651 2703
2651 2702
2651 2699
2653 2656
2653 2655
2653 2654
2654 2663
2654 2657
2655 2664
2655 2657
2656 3000
2656 2999
2656 2998
2656 2995
2656 2728
2657 2661
2657 2660
2657 2659
2657 2658
2658 2662
2659 2673
2660 2845
2662 2731
2663 2664
2665 2667
2665 2666
2666 3100
2666 3099
2666 2983
2666 2754
2666 2753
2666 2667
2667 3237
2667 3236
2667 3235
2668 2671
2668 2670
2668 2669
2669 2672
2673 2986
2674 2678
2674 2677
2674 2676
2674 2675
2675 2738
2675 2737
2675 2736
2675 2735
2676 3133
2676 3132
2676 3129
2676 2767
2677 3336
2677 3069
2678 3338
2678 3070
2679 2711
2679 2696
2680 3139
2680 3135
2681 3140
2682 2796
2682 2696
2684 2781
2684 2780
2684 2779
2684 2777
2685 2989
2686 2689
2686 2688
2686 2687
2688 2689
2690 2923
2690 2816
2691 2865
2692 2950
2693 2710
2693 2709
2693 2708
2694 2716
2694 2714
2695 2805
2696 2874
2696 2795
2696 2716
2696 2706
2697 2698
2698 2802
2699 2701
2699 2700
2700 2994
2700 2993
2700 2728
2701 3001
2701 2995
2702 3328
2702 2918
2703 3329
2706 2707
2707 3159
2707 3137
2707 3100
2707 3018
2707 3014
2707 2875
2707 2751
2711 3160
2711 3018
2712 2715
2712 2714
2712 2713
2713 3161
2714 3162
2716 2751
2717 2720
2717 2719
2717 2718
2718 2813
2718 2812
2718 2811
2718 2810
2718 2809
2718 2782
2718 2719
2719 2827
2719 2826
2719 2825
2719 2824
2719 2811
2721 2727
2721 2726
2721 2725
2721 2724
2721 2723
2721 2722
2722 2790
2722 2789
2722 2788
2722 2787
2722 2786
2722 2726
2722 2723
2723 2922
2723 2726
2731 2964
2731 2963
2731 2955
2731 2781
2731 2771
2732 2734
2732 2733
2733 2960
2735 2770
2735 2769
2735 2768
2735 2767
2735 2766
2735 2765
2736 3172
2736 3171
2736 2737
2737 3171
2738 3331
2738 2765
2739 2742
2739 2741
2739 2740
2740 2975
2743 2744
2744 2745
2746 2748
2746 2747
2749 2750
2750 2967
2751 3014
2752 2753
2753 2755
2753 2754
2756 2758
2756 2757
2760 2762
2760 2761
2761 2800
2761 2799
2761 2798
2761 2797
2761 2796
2761 2795
2761 2762
2762 3321
2762 3044
2762 3043
2762 2944
2763 2992
2763 2918
2765 2915
2765 2905
2765 2864
2766 2965
2767 3193
2767 3133
2768 3194
2769 3341
2770 3344
2770 3280
2772 3198
2772 3197
2772 3196
2772 3031
2772 2971
2773 2774
2774 2967
2774 2939
2775 2949
2776 2878
2777 3192
2778 3202
2778 3201
2778 3200
2778 3159
2779 2839
2779 2838
2779 2809
2780 2956
2780 2955
2780 2954
2780 2943
2780 2809
2780 2781
2781 2794
2782 2866
2782 2865
2782 2864
2782 2853
2782 2852
2782 2851
2783 3246
2783 2846
2783 2785
2783 2784
2784 2785
2785 3368
2785 3350
2785 3349
2785 3348
2786 2793
2786 2792
2786 2791
2787 3078
2787 2824
2787 2788
2788 3270
2788 3024
2788 2789
2789 3270
2789 3024
2789 2946
2789 2945
2789 2854
2789 2790
2791 2947
2792 3118
2792 2793
2793 3118
2795 2802
2795 2801
2795 2798
2795 2797
2796 2799
2797 3207
2798 3208
2801 2883
2801 2882
2803 2804
2804 2805
2805 2984
2805 2983
2806 2808
2806 2807
2807 3216
2807 3136
2810 2843
2810 2842
2810 2841
2810 2840
2812 2860
2813 2860
2814 2815
2815 3131
2815 2816
2817 3124
2817 3123
2817 2822
2817 2818
2818 3294
2818 3206
2818 3183
2818 3124
2818 3019
2819 3293
2819 3185
2819 3181
2819 3180
2821 3364
2821 3362
2821 3281
2821 3136
2823 4184
2824 2827
2825 2859
2825 2854
2825 2849
2825 2846
2827 3266
2828 2864
2830 3232
2830 3065
2831 3233
2831 3065
2832 3234
2832 3065
2833 2864
2836 3136
2840 3222
2841 3222
2844 3230
2844 3229
2844 3228
2844 3227
2844 3226
2844 3225
2844 3222
2846 2863
2846 2862
2846 2861
2846 2860
2846 2859
2846 2858
2846 2857
2846 2856
2846 2855
2846 2854
2846 2853
2846 2852
2846 2851
2846 2850
2846 2849
2846 2848
2846 2847
2848 2863
2848 2857
2848 2855
2850 2856
2851 3243
2852 3244
2853 3245
2854 3025
2854 3024
2854 2924
2854 2859
2855 3273
2856 3107
2856 3106
2856 2972
2860 3357
2860 3356
2860 3347
2860 3334
2860 3333
2860 2863
2860 2862
2861 2863
2863 3334
2863 3333
2864 2915
2864 2914
2864 2913
2864 2912
2864 2911
2864 2910
2864 2909
2864 2901
2865 2959
2865 2956
2865 2955
2865 2950
2865 2924
2865 2879
2866 3367
2867 2870
2867 2869
2867 2868
2868 2974
2868 2973
2868 2870
2869 4219
2869 4177
2869 2973
2870 4317
2870 4268
2870 4264
2870 4242
2870 4221
2873 3086
2873 2930
2875 3247
2875 3159
2875 3137
2875 3100
2875 3018
2875 2983
2875 2876
2876 3264
2877 2881
2877 2880
2877 2879
2877 2878
2878 2972
2880 3254
2881 3254
2882 3027
2884 2887
2884 2886
2884 2885
2885 3203
2886 3258
2887 3290
2887 2889
2888 2889
2890 2891
2891 2892
2892 2893
2893 3042
2894 2895
2895 3262
2895 2941
2896 2897
2897 2898
2898 2899
2899 2900
2901 2908
2901 2907
2901 2906
2901 2905
2901 2904
2901 2903
2901 2902
2902 3076
2902 3075
2902 3074
2902 2906
2902 2905
2905 3284
2905 3283
2905 3282
2905 3220
2905 3065
2905 2906
2907 2908
2908 3369
2910 3127
2910 2955
2911 3176
2911 2955
2915 3303
2916 2917
2918 2920
2918 2919
2919 3323
2925 2936
2925 2935
2925 2934
2925 2933
2925 2932
2925 2931
2925 2930
2925 2929
2925 2928
2925 2927
2925 2926
2926 3052
2926 2936
2926 2927
2927 2936
2927 2935
2929 3111
2929 2969
2929 2931
2929 2930
2930 3253
2930 3252
2930 3251
2930 2933
2930 2931
2931 3111
2938 2939
2939 2967
2941 3098
2942 3265
2943 2954
2943 2952
2945 3278
2946 3279
2950 2951
2951 2977
2952 3295
2953 3102
2954 2970
2955 2958
2955 2957
2956 3301
2957 3300
2957 3299
2957 3298
2957 3297
2957 3296
2957 3204
2957 3033
2958 3366
2958 3015
2958 2988
2959 3013
2960 3302
2961 2962
2962 2991
2963 3371
2963 3012
2964 3372
2964 3012
2965 3304
2968 3257
2969 3305
2970 3306
2971 3238
2971 3196
2972 3309
2972 3308
2972 3106
2973 4305
2973 4300
2973 4248
2973 4184
2973 4182
2973 4181
2974 4385
2975 3319
2975 3318
2976 3310
2976 3083
2980 2982
2980 2981
2981 3191
2982 3315
2982 3060
2983 3314
2983 3247
2983 3159
2984 3237
2985 2986
2991 3268
2993 2997
2993 2996
2993 2995
2995 3009
2995 3002
2998 3008
2998 3007
2998 3006
2998 3005
2998 3004
2998 3003
2998 3002
3002 3011
3002 3010
3015 3016
3018 3138
3018 3137
3018 3136
3018 3135
3019 3209
3019 3206
3019 3183
3019 3021
3024 3026
3024 3025
3025 3078
3025 3077
3025 3026
3028 3030
3028 3029
3029 3330
3030 3330
3033 3205
3033 3204
3033 3038
3033 3035
3033 3034
3034 3205
3034 3072
3034 3037
3034 3036
3034 3035
3035 3291
3035 3205
3035 3038
3036 3037
3043 3325
3043 3324
3043 3044
3045 3050
3045 3049
3045 3048
3045 3047
3045 3046
3046 3163
3046 3120
3047 3178
3047 3177
3047 3116
3047 3049
3048 3166
3048 3120
3048 3050
3053 3054
3054 3267
3054 3228
3054 3227
3054 3224
3054 3222
3056 3058
3056 3057
3057 3058
3058 3073
3058 3072
3060 3313
3061 3063
3061 3062
3062 3169
3063 3168
3063 3167
3064 3068
3065 3221
3065 3220
3065 3219
3066 3067
3071 3072
3072 3073
3074 3075
3077 3078
3078 3370
3084 3085
3085 3175
3085 3174
3085 3173
3086 3250
3086 3249
3086 3248
3086 3090
3088 3091
3088 3089
3089 3091
3093 3094
3096 3097
3099 3100
3100 3215
3100 3159
3101 3105
3101 3104
3101 3103
3101 3102
3102 3105
3106 3108
3106 3107
3109 4086
3110 4084
3112 3117
3112 3116
3112 3115
3112 3114
3112 3113
3114 3117
3115 3132
3115 3117
3115 3116
3116 3214
3116 3178
3117 3231
3119 3122
3119 3121
3119 3120
3120 3170
3120 3163
3120 3121
3121 3327
3121 3326
3128 3129
3129 3132
3130 3131
3132 3134
3133 3193
3136 3281
3136 3216
3136 3138
3136 3137
3137 3339
3137 3138
3141 3142
3142 3353
3143 3144
3144 3336
3145 3146
3146 3355
3147 3148
3148 3351
3149 3150
3150 3355
3151 3152
3152 3330
3153 3154
3154 3338
3155 3156
3156 3342
3157 3158
3158 3352
3159 3247
3159 3202
3163 3164
3165 3166
3167 3168
3168 3169
3169 3218
3169 3217
3169 3195
3174 3307
3174 3199
3174 3175
3178 3214
3179 3182
3179 3181
3179 3180
3180 3187
3180 3186
3180 3185
3180 3184
3180 3183
3180 3181
3181 3190
3181 3187
3181 3186
3181 3185
3181 3184
3181 3183
3183 3206
3197 3198
3199 3312
3199 3311
3219 3221
3219 3220
3220 3221
3222 3228
3222 3227
3222 3226
3222 3225
3222 3224
3222 3223
3223 3276
3223 3274
3223 3227
3224 3228
3225 3226
3227 3361
3228 3229
3235 3237
3237 3360
3239 3240
3240 3344
3241 3242
3242 3343
3248 3250
3248 3249
3249 3250
3250 3359
3250 3358
3251 3253
3251 3252
3252 3363
3252 3346
3252 3317
3252 3253
3254 3255
3258 3261
3258 3260
3258 3259
3259 3261
3262 3263
3268 3269
3270 3277
3271 3272
3272 3351
3274 3276
3274 3275
3276 3286
3276 3285
3282 3283
3289 4149
3296 3299
3296 3297
3297 3299
3298 3300
3311 3312
3318 3319
3322 3323
3324 3325
3330 3343
3331 3332
3333 3334
3334 3357
3334 3347
3335 3336
3337 3338
3341 3343
3341 3342
3342 3355
3344 3345
3345 3353
3345 3352
3348 3350
3348 3349
3349 3350
3351 3352
3353 3354
3356 3357
3358 3359
3373 3376
3373 3375
3373 3374
3374 3666
3374 3665
3374 3664
3374 3661
3374 3660
3374 3658
3375 3505
3376 3439
3377 3381
3377 3380
3377 3379
3377 3378
3378 3383
3378 3382
3379 3517
3379 3516
3381 3428
3382 3449
3382 3447
3382 3394
3383 4673
3383 4548
3384 3389
3384 3388
3384 3387
3384 3386
3384 3385
3385 3392
3385 3391
3385 3390
3386 3495
3387 3691
3388 3756
3388 3513
3389 3804
3389 3803
3390 3437
3390 3436
3390 3435
3390 3434
3390 3433
3390 3429
3390 3392
3391 3496
3392 3515
3392 3512
3392 3439
3393 3395
3393 3394
3394 3399
3394 3398
3394 3397
3394 3396
3395 3783
3395 3781
3396 3506
3396 3505
3396 3504
3396 3503
3396 3502
3396 3399
3400 3401
3401 3706
3401 3402
3402 3404
3402 3403
3403 3491
3404 3846
3404 3791
3405 3408
3405 3407
3405 3406
3407 3825
3407 3514
3408 3520
3409 3410
3410 3726
3410 3725
3410 3724
3410 3723
3410 3702
3410 3673
3410 3667
3410 3627
3410 3419
3410 3418
3410 3414
3410 3412
3410 3411
3413 3414
3414 3722
3414 3697
3414 3671
3414 3461
3415 3422
3415 3421
3415 3420
3415 3419
3415 3418
3415 3417
3415 3416
3416 3538
3416 3537
3416 3504
3417 3678
3420 3466
3421 3677
3421 3505
3422 3462
3423 3428
3423 3427
3423 3426
3423 3425
3423 3424
3425 3632
3425 3507
3426 3815
3427 3784
3427 3508
3428 3844
3429 3432
3429 3431
3429 3430
3430 3721
3431 3720
3431 3718
3432 3835
3432 3514
3433 3579
3437 3694
3437 3669
3437 3439
3438 3440
3438 3439
3439 3446
3439 3445
3439 3444
3439 3443
3439 3442
3439 3441
3440 3607
3441 3484
3441 3483
3441 3482
3441 3445
3442 3519
3442 3518
3442 3456
3442 3443
3443 3561
3443 3560
3443 3559
3443 3558
3443 3554
3443 3553
3443 3500
3444 3585
3444 3583
3444 3503
3446 3754
3446 3490
3447 3448
3448 3815
3449 3490
3450 3454
3450 3453
3450 3452
3450 3451
3451 3578
3451 3577
3451 3576
3451 3575
3451 3574
3451 3573
3451 3572
3451 3571
3451 3535
3452 3611
3453 3640
3454 3639
3454 3638
3454 3536
3455 3461
3455 3460
3455 3459
3455 3458
3455 3457
3455 3456
3456 3466
3456 3465
3456 3464
3456 3463
3456 3462
3458 3732
3459 3775
3459 3731
3460 3769
3462 3565
3462 3564
3462 3563
3462 3562
3462 3502
3465 3559
3467 3469
3467 3468
3468 3727
3469 4905
3469 4886
3470 3475
3470 3474
3470 3473
3470 3472
3470 3471
3471 3666
3471 3642
3472 3750
3472 3746
3472 3744
3472 3743
3472 3712
3472 3668
3473 3534
3474 3534
3475 3658
3476 3481
3476 3480
3476 3479
3476 3478
3476 3477
3477 3589
3477 3588
3477 3562
3477 3542
3478 3780
3478 3625
3481 3822
3481 3543
3482 3501
3482 3500
3482 3497
3483 3558
3484 3560
3485 3489
3485 3488
3485 3487
3485 3486
3486 3491
3486 3490
3487 3715
3487 3713
3488 3838
3489 3715
3489 3511
3490 3511
3490 3510
3490 3507
3491 3541
3491 3540
3492 3494
3492 3493
3493 3533
3493 3530
3493 3529
3493 3515
3494 3763
3494 3692
3494 3570
3494 3569
3495 3806
3495 3691
3496 3809
3496 3808
3496 3804
3496 3803
3497 3499
3497 3498
3498 3847
3499 3703
3499 3623
3501 3751
3502 3578
3505 3751
3506 3564
3507 3509
3507 3508
3509 3845
3509 3689
3511 4864
3512 3514
3512 3513
3514 3828
3514 3826
3514 3581
3514 3579
3515 4558
3515 3550
3515 3532
3516 3783
3517 4655
3519 4749
3519 4730
3519 4556
3519 4554
3520 3524
3520 3523
3520 3522
3520 3521
3521 3551
3521 3544
3522 3689
3522 3688
3523 3816
3524 4873
3525 3526
3526 3827
3527 3528
3528 3834
3530 3532
3530 3531
3531 3692
3532 3600
3533 3669
3534 3539
3534 3538
3534 3537
3534 3536
3534 3535
3539 3673
3540 3651
3540 3650
3541 4920
3541 4890
3541 4866
3542 3543
3543 3637
3544 3549
3544 3548
3544 3547
3544 3546
3544 3545
3545 3550
3546 3645
3547 3836
3547 3654
3547 3647
3548 3831
3549 3843
3550 4888
3551 3796
3551 3653
3552 3557
3552 3556
3552 3555
3552 3554
3552 3553
3556 3765
3557 3765
3561 3776
3562 3590
3563 3591
3564 3794
3565 4627
3565 4581
3566 3570
3566 3569
3566 3568
3566 3567
3567 3682
3567 3681
3568 3734
3568 3733
3568 3694
3568 3685
3569 3762
3572 3690
3572 3614
3573 3695
3574 3698
3575 3805
3575 3771
3579 3582
3579 3581
3579 3580
3580 3811
3580 3699
3581 3841
3581 3826
3582 3841
3583 3587
3583 3586
3583 3585
3583 3584
3586 3837
3586 3813
3586 3810
3587 3814
3587 3738
3589 4713
3589 4708
3589 3590
3590 3591
3591 4551
3591 4550
3591 4543
3591 3834
3592 3594
3592 3593
3594 4618
3594 4576
3595 3597
3595 3596
3596 3799
3597 4726
3597 4725
3597 4724
3597 4634
3598 3599
3599 3601
3599 3600
3601 3602
3602 3687
3603 3607
3603 3606
3603 3605
3603 3604
3605 3694
3605 3693
3606 3686
3607 3755
3608 3609
3609 4918
3609 4917
3609 4916
3609 4905
3609 4877
3609 4871
3609 3790
3609 3631
3610 3611
3611 3690
3611 3675
3611 3674
3611 3613
3611 3612
3615 3616
3616 3730
3616 3729
3617 3620
3617 3619
3617 3618
3620 4554
3620 4524
3621 3622
3622 4893
3622 4892
3622 4891
3622 3628
3624 3625
3625 3800
3626 3627
3627 3711
3629 3630
3630 3706
3630 3705
3630 3704
3633 3634
3634 3844
3635 3636
3636 3690
3641 3643
3641 3642
3642 3643
3643 3738
3643 3730
3644 3647
3644 3646
3644 3645
3645 3649
3645 3648
3647 3797
3648 3796
3649 3656
3650 3651
3652 3654
3652 3653
3653 3717
3653 3716
3655 3656
3657 3658
3658 3663
3658 3662
3658 3659
3662 3768
3663 3847
3664 3767
3664 3766
3667 3668
3670 3672
3670 3671
3672 3765
3674 3676
3674 3675
3678 3776
3679 3680
3682 3685
3682 3684
3682 3683
3684 3764
3686 3687
3693 3694
3695 3724
3696 3698
3696 3697
3700 3702
3700 3701
3706 3848
3706 3736
3707 3709
3707 3708
3708 3793
3708 3792
3708 3736
3709 3728
3710 3711
3713 3714
3719 3720
3720 3721
3722 3752
3725 3812
3726 3812
3727 3791
3732 3770
3733 3735
3734 3763
3735 3840
3735 3839
3737 3738
3739 3740
3740 3796
3741 3744
3741 3743
3741 3742
3743 3745
3744 3748
3745 3747
3745 3746
3746 3748
3748 3749
3750 3772
3752 3765
3753 3755
3753 3754
3757 3758
3758 3763
3759 3760
3760 3762
3761 3762
3762 3764
3762 3763
3767 3810
3770 3771
3773 3775
3773 3774
3777 3778
3778 3846
3778 3795
3779 3780
3781 3782
3785 3788
3785 3787
3785 3786
3786 3820
3788 3838
3789 3790
3790 4903
3793 3824
3797 3798
3798 3821
3798 3818
3801 3802
3802 3817
3802 3816
3806 3807
3818 3819
3820 3823
3823 3824
3824 3833
3827 3828
3830 3831
3832 3833
3833 4920
3833 4904
3833 4863
3834 4724
3834 4551
3842 3843
3849 3851
3849 3850
3850 3890
3850 3863
3851 3853
3852 3855
3852 3854
3852 3853
3853 3879
3853 3878
3853 3877
3853 3876
3853 3856
3854 3887
3855 3934
3855 3933
3855 3856
3857 3860
3857 3859
3857 3858
3858 3897
3859 3950
3859 3935
3860 3935
3861 3864
3861 3863
3861 3862
3862 3865
3864 3899
3864 3898
3865 3914
3865 3898
3865 3894
3865 3875
3866 3867
3867 3870
3867 3869
3867 3868
3868 3932
3868 3931
3868 3905
3868 3900
3868 3871
3869 3903
3869 3870
3871 3873
3871 3872
3873 4036
3874 3875
3875 3876
3876 3929
3876 3879
3880 3885
3880 3884
3880 3883
3880 3882
3880 3881
3882 3888
3882 3887
3882 3886
3883 3929
3883 3922
3885 4354
3885 4353
3885 4260
3885 4226
3885 4225
3885 3949
3885 3923
3885 3914
3886 3948
3887 4005
3887 4004
3887 4003
3887 4002
3887 3967
3887 3956
3887 3954
3887 3889
3888 4032
3888 3949
3889 3890
3890 4044
3891 3916
3892 3896
3892 3895
3892 3894
3892 3893
3894 3921
3894 3920
3894 3919
3894 3918
3894 3917
3894 3914
3895 3986
3895 3985
3896 4011
3896 4010
3897 3935
3897 3933
3898 3944
3898 3936
3898 3930
3898 3902
3898 3901
3899 4001
3899 3998
3899 3987
3899 3953
3899 3952
3899 3908
3900 3905
3900 3904
3900 3903
3900 3902
3900 3901
3903 3961
3903 3925
3903 3904
3905 3984
3906 3911
3906 3910
3906 3909
3906 3908
3906 3907
3907 3975
3908 4000
3909 3998
3909 3983
3910 4027
3910 3942
3911 4027
3911 3981
3912 3913
3913 3930
3914 3923
3914 3922
3914 3915
3915 3947
3915 3946
3915 3945
3916 4026
3917 4001
3917 3948
3919 3985
3920 4011
3921 3998
3922 3924
3923 3934
3924 3928
3924 3927
3924 3926
3924 3925
3927 4021
3928 3980
3929 4029
3929 4025
3929 4014
3929 4013
3929 4012
3929 4008
3929 3997
3929 3994
3929 3993
3929 3992
3929 3991
3932 3982
3932 3981
3934 4038
3934 4037
3934 4031
3934 4024
3934 4023
3934 3960
3935 3951
3935 3950
3935 3949
3936 3943
3936 3942
3936 3941
3936 3940
3936 3939
3936 3938
3936 3937
3938 4018
3939 3940
3940 3942
3941 4018
3941 3977
3942 4035
3942 3982
3948 4041
3948 4028
3948 3987
3948 3969
3951 3988
3952 3953
3953 3963
3954 3955
3955 3957
3955 3956
3956 3968
3957 4033
3957 4004
3958 3960
3958 3959
3959 4032
3959 4031
3962 3964
3962 3963
3963 3965
3964 3972
3965 3974
3965 3970
3966 3969
3966 3968
3966 3967
3968 4003
3969 4040
3970 3971
3971 4033
3971 3987
3972 3974
3972 3973
3975 3977
3975 3976
3977 4039
3978 3979
3979 4033
3981 3984
3981 3983
3982 4034
3986 4029
3986 4021
3986 4020
3986 4014
3988 3990
3988 3989
3990 4016
3991 3994
3991 3993
3991 3992
3992 3995
3994 4042
3995 3996
3996 3997
3998 4000
3998 3999
4002 4006
4005 4024
4006 4043
4006 4040
4007 4009
4007 4008
4008 4028
4008 4025
4009 4030
4009 4029
4011 4019
4012 4014
4012 4013
4015 4016
4016 4017
4017 4022
4018 4039
4020 4021
4022 4038
4023 4024
4034 4035
4035 4036
4037 4038
4040 4041
4045 4046
4046 4105
4046 4064
4047 4050
4047 4049
4047 4048
4048 4072
4048 4071
4049 4074
4050 4135
4050 4103
4051 4053
4051 4052
4052 4054
4053 4131
4054 4108
4054 4055
4055 4056
4056 4074
4057 4058
4058 4137
4058 4094
4059 4061
4059 4060
4060 4113
4060 4061
4061 4132
4061 4111
4061 4101
4062 4066
4062 4065
4062 4064
4062 4063
4063 4095
4063 4094
4063 4093
4063 4066
4064 4129
4065 4166
4067 4070
4067 4069
4067 4068
4068 4098
4068 4097
4068 4096
4069 4163
4070 4136
4071 4077
4071 4076
4071 4075
4071 4074
4071 4073
4072 4080
4073 4092
4073 4091
4074 4112
4074 4111
4074 4110
4074 4109
4074 4079
4076 4079
4077 4133
4077 4101
4078 4081
4078 4080
4078 4079
4079 4083
4079 4082
4081 4130
4082 4130
4083 4144
4084 4086
4084 4085
4085 4090
4085 4089
4085 4087
4086 4153
4086 4127
4086 4123
4087 4088
4088 4157
4088 4141
4089 4134
4090 4151
4090 4143
4090 4092
4092 4111
4093 4116
4093 4105
4094 4156
4094 4155
4094 4154
4094 4133
4095 4165
4098 4102
4098 4101
4098 4099
4099 4100
4100 4104
4100 4103
4101 4151
4101 4150
4101 4145
4101 4135
4102 4169
4103 4125
4103 4124
4104 4135
4106 4107
4107 4173
4107 4116
4108 4128
4111 4148
4113 4114
4114 4151
4114 4145
4114 4140
4114 4134
4115 4128
4117 4119
4117 4118
4118 4136
4119 4137
4120 4122
4120 4121
4121 4123
4122 4146
4126 4127
4127 4149
4127 4146
4129 4165
4129 4156
4131 4158
4132 4133
4133 4152
4134 4152
4134 4151
4134 4143
4136 4137
4138 4142
4138 4141
4138 4140
4138 4139
4139 4140
4142 4151
4146 4147
4147 4153
4158 4159
4159 4160
4160 4162
4160 4161
4161 4168
4162 4168
4164 4166
4164 4165
4165 4167
4168 4207
4168 4205
4169 4172
4169 4171
4169 4170
4174 4175
4175 4181
4175 4180
4175 4179
4175 4177
4176 4177
4177 4179
4177 4178
4179 4193
4179 4192
4179 4191
4181 4314
4181 4300
4181 4278
4181 4238
4182 4185
4182 4184
4182 4183
4183 4322
4183 4321
4183 4198
4183 4190
4184 4374
4184 4363
4184 4305
4184 4189
4186 4188
4186 4187
4187 4190
4187 4189
4188 4398
4188 4397
4189 4343
4189 4331
4189 4273
4189 4248
4189 4190
4190 4344
4191 4260
4191 4259
4191 4258
4191 4219
4192 4313
4192 4225
4192 4193
4193 4225
4194 4195
4195 4198
4195 4197
4195 4196
4197 4322
4199 4201
4199 4200
4200 4229
4200 4228
4200 4227
4201 4256
4202 4204
4202 4203
4203 4297
4203 4257
4203 4230
4203 4227
4204 4391
4204 4390
4204 4389
4204 4388
4206 4207
4207 4235
4207 4234
4207 4233
4207 4215
4208 4213
4208 4212
4208 4211
4208 4210
4208 4209
4209 4211
4211 4242
4213 4384
4213 4383
4214 4218
4214 4217
4214 4216
4214 4215
4215 4291
4215 4290
4215 4227
4219 4240
4219 4239
4219 4238
4220 4224
4220 4223
4220 4222
4220 4221
4221 4226
4221 4225
4225 4318
4227 4296
4227 4295
4227 4294
4227 4284
4228 4401
4228 4295
4230 4232
4230 4231
4233 4236
4234 4237
4235 4289
4236 4341
4238 4283
4238 4279
4238 4276
4238 4254
4239 4305
4239 4301
4239 4274
4239 4254
4240 4382
4241 4264
4241 4242
4242 4375
4242 4264
4244 4318
4245 4247
4245 4246
4246 4293
4249 4252
4249 4251
4249 4250
4250 4255
4250 4254
4250 4253
4253 4262
4253 4261
4254 4300
4254 4298
4254 4255
4256 4257
4257 4316
4258 4288
4258 4287
4258 4286
4259 4260
4260 4355
4263 4264
4264 4268
4264 4266
4264 4265
4266 4267
4268 4342
4271 4272
4272 4273
4273 4349
4273 4331
4273 4323
4274 4275
4276 4278
4276 4277
4278 4312
4278 4311
4278 4310
4279 4282
4279 4281
4279 4280
4280 4309
4280 4308
4280 4307
4280 4306
4283 4381
4283 4380
4283 4379
4283 4378
4283 4377
4283 4376
4284 4285
4285 4328
4285 4327
4290 4326
4290 4291
4291 4362
4291 4361
4294 4368
4294 4367
4294 4366
4294 4365
4294 4364
4296 4316
4297 4320
4297 4319
4298 4299
4300 4348
4300 4347
4300 4346
4300 4345
4301 4304
4301 4303
4301 4302
4314 4315
4317 4318
4321 4338
4321 4337
4321 4336
4321 4335
4321 4334
4322 4373
4323 4325
4323 4324
4331 4333
4331 4332
4332 4340
4332 4339
4334 4372
4334 4371
4334 4370
4334 4369
4343 4360
4343 4359
4343 4358
4343 4357
4343 4356
4344 4393
4344 4392
4349 4352
4349 4351
4349 4350
4373 4387
4373 4386
4374 4400
4374 4399
4391 4396
4391 4395
4391 4394
4402 4407
4402 4406
4402 4405
4402 4404
4402 4403
4403 4447
4403 4446
4403 4445
4403 4444
4403 4440
4403 4435
4403 4418
4403 4404
4404 4445
4404 4421
4406 4482
4406 4480
4406 4479
4406 4452
4406 4451
4406 4443
4406 4442
4406 4414
4406 4407
4407 4469
4407 4446
4408 4410
4408 4409
4409 4415
4409 4411
4410 4459
4410 4458
4410 4457
4410 4435
4410 4430
4410 4421
4410 4418
4410 4415
4410 4412
4411 4412
4412 4466
4412 4430
4413 4414
4414 4453
4414 4452
4414 4451
4414 4450
4414 4427
4414 4426
4415 4430
4416 4427
4416 4426
4416 4425
4416 4424
4416 4423
4416 4422
4416 4421
4416 4420
4416 4419
4416 4418
4416 4417
4417 4434
4417 4426
4417 4424
4417 4421
4417 4420
4418 4437
4418 4436
4418 4435
4418 4433
4418 4421
4418 4420
4419 4441
4419 4433
4419 4430
4419 4428
4419 4425
4420 4435
4420 4426
4420 4424
4420 4421
4421 4453
4421 4451
4421 4435
4421 4426
4421 4424
4422 4452
4422 4450
4422 4427
4423 4488
4423 4487
4423 4475
4423 4467
4423 4433
4423 4432
4423 4429
4423 4428
4424 4451
4424 4426
4426 4461
4426 4452
4426 4439
4426 4438
4427 4453
4427 4452
4427 4451
4427 4450
4428 4433
4428 4432
4428 4431
4428 4430
4428 4429
4429 4470
4430 4471
4430 4458
4431 4477
4431 4476
4431 4475
4431 4474
4431 4473
4431 4472
4431 4464
4431 4463
4431 4432
4432 4473
4432 4470
4432 4433
4433 4489
4433 4475
4433 4467
4433 4437
4433 4436
4433 4435
4435 4456
4435 4455
4435 4454
4435 4448
4435 4445
4435 4444
4435 4437
4435 4436
4436 4478
4436 4475
4436 4459
4436 4456
4436 4454
4436 4448
4436 4437
4437 4478
4437 4475
4437 4473
4437 4468
4437 4467
4437 4448
4437 4444
4438 4439
4439 4452
4442 4482
4442 4480
4442 4479
4442 4452
4442 4451
4442 4443
4443 4482
4443 4452
4443 4451
4444 4475
4444 4449
4444 4445
4445 4482
4445 4447
4445 4446
4446 4491
4446 4482
4446 4469
4448 4449
4449 4486
4450 4453
4450 4452
4450 4451
4451 4465
4451 4453
4451 4452
4452 4453
4455 4457
4458 4460
4462 4463
4463 4464
4464 4476
4464 4474
4464 4472
4465 4480
4465 4479
4466 4468
4466 4467
4467 4490
4472 4473
4473 4475
4473 4474
4474 4483
4474 4476
4474 4475
4476 4485
4481 4482
4483 4486
4492 4493
4493 4495
4493 4494
4494 4505
4494 4495
4495 4506
4495 4502
4496 4498
4496 4497
4500 4502
4500 4501
4505 4507
4505 4506
4506 4508
4512 4513
4513 4514
4515 4516
4516 4517
4523 4525
4523 4524
4524 4566
4524 4565
4524 4564
4524 4555
4524 4526
4525 4700
4525 4593
4526 4527
4527 4621
4528 4532
4528 4531
4528 4530
4528 4529
4529 4658
4529 4657
4530 4746
4530 4731
4530 4715
4530 4714
4530 4663
4531 4761
4531 4587
4533 4536
4533 4535
4533 4534
4534 4767
4535 4765
4535 4660
4537 4539
4537 4538
4538 4549
4539 4739
4539 4557
4540 4541
4541 4602
4542 4547
4542 4546
4542 4545
4542 4544
4542 4543
4543 4548
4544 4617
4544 4616
4544 4615
4545 4748
4545 4747
4546 4606
4547 4687
4548 4908
4548 4907
4548 4906
4548 4882
4548 4675
4550 4553
4550 4552
4551 4635
4551 4585
4552 4730
4552 4729
4552 4728
4553 4866
4553 4865
4555 4556
4557 4559
4557 4558
4558 4560
4560 4579
4561 4563
4561 4562
4562 4685
4562 4571
4564 4595
4565 4661
4566 4652
4567 4570
4567 4569
4567 4568
4568 4572
4568 4571
4569 4597
4570 4695
4571 4738
4571 4737
4572 4791
4572 4598
4573 4575
4573 4574
4574 4595
4575 4712
4575 4711
4575 4709
4576 4577
4577 4617
4578 4580
4578 4579
4579 4604
4579 4603
4579 4600
4580 4704
4580 4692
4581 4585
4583 4696
4584 4629
4586 4589
4586 4588
4586 4587
4588 4757
4588 4756
4590 4592
4590 4591
4591 4665
4592 4619
4593 4594
4594 4653
4594 4627
4595 4845
4596 4599
4596 4598
4596 4597
4597 4598
4599 4856
4600 4601
4601 4602
4602 4771
4605 4606
4606 4607
4607 4710
4607 4706
4608 4610
4608 4609
4609 4649
4609 4644
4609 4633
4610 4697
4610 4630
4611 4613
4611 4612
4612 4614
4613 4695
4614 4690
4615 4688
4615 4687
4615 4662
4616 4731
4618 4775
4618 4760
4619 4620
4620 4755
4620 4751
4620 4706
4621 4624
4621 4623
4621 4622
4622 4638
4622 4637
4622 4636
4623 4750
4623 4749
4625 4628
4625 4627
4625 4626
4628 4654
4629 4630
4630 4736
4631 4634
4631 4633
4631 4632
4632 4635
4633 4702
4633 4701
4635 4732
4636 4784
4636 4767
4638 4777
4639 4641
4639 4640
4640 4648
4640 4647
4640 4646
4640 4645
4640 4644
4640 4643
4640 4642
4641 4676
4643 4743
4643 4703
4644 4759
4645 4790
4645 4788
4649 4844
4650 4652
4650 4651
4651 4660
4652 4764
4652 4755
4653 4654
4654 4703
4654 4689
4655 4656
4656 4783
4656 4753
4656 4721
4656 4673
4659 4660
4661 4739
4662 4664
4662 4663
4663 4744
4665 4667
4665 4666
4666 4742
4666 4722
4666 4669
4666 4667
4667 4779
4668 4672
4668 4671
4668 4670
4668 4669
4669 4686
4671 4778
4672 4742
4672 4733
4673 4675
4673 4674
4674 4721
4674 4720
4675 4862
4675 4860
4676 4680
4676 4679
4676 4678
4676 4677
4677 4783
4677 4780
4681 4684
4681 4683
4681 4682
4682 4720
4686 4858
4687 4688
4690 4774
4690 4707
4691 4693
4691 4692
4692 4694
4696 4697
4698 4762
4699 4812
4699 4798
4700 4712
4704 4705
4705 4777
4705 4767
4708 4709
4709 4734
4714 4718
4714 4717
4714 4716
4714 4715
4715 4719
4719 4768
4719 4746
4721 4776
4722 4723
4723 4766
4723 4748
4725 4760
4725 4732
4726 4843
4726 4842
4731 4859
4731 4745
4734 4735
4737 4785
4738 4853
4740 4742
4740 4741
4746 4769
4748 4758
4749 4752
4749 4751
4750 4765
4752 4767
4753 4754
4756 4782
4757 4854
4761 4850
4762 4834
4762 4833
4762 4802
4762 4797
4763 4764
4769 4770
4772 4837
4772 4821
4772 4819
4773 4814
4776 4847
4778 4857
4780 4781
4788 4789
4791 4853
4791 4852
4792 4794
4792 4793
4793 4809
4794 4802
4795 4797
4795 4796
4796 4807
4798 4799
4799 4800
4800 4801
4801 4812
4802 4805
4802 4804
4802 4803
4803 4830
4803 4815
4803 4810
4803 4806
4804 4806
4807 4808
4808 4809
4810 4811
4811 4829
4811 4828
4811 4823
4811 4820
4811 4813
4813 4814
4814 4836
4814 4831
4814 4821
4815 4816
4816 4820
4817 4819
4817 4818
4818 4832
4821 4822
4822 4841
4822 4840
4823 4824
4825 4827
4825 4826
4827 4849
4830 4831
4832 4835
4833 4838
4835 4836
4837 4839
4838 4839
4845 4846
4847 4848
4851 4852
4853 4855
4860 4861
4861 4875
4861 4863
4862 4863
4864 4908
4864 4869
4865 4886
4865 4885
4865 4882
4866 4886
4867 4869
4867 4868
4868 4922
4869 4922
4870 4873
4870 4872
4870 4871
4871 4888
4873 4930
4874 4875
4876 4879
4876 4878
4876 4877
4878 4912
4879 4880
4880 4881
4881 4913
4882 4884
4882 4883
4886 4920
4887 4888
4888 4890
4888 4889
4889 4915
4889 4912
4890 4910
4891 4927
4891 4926
4892 4923
4893 4914
4894 4895
4896 4897
4897 4902
4899 4900
4903 4904
4908 4921
4909 4911
4909 4910
4910 4919
4911 4931
4912 4914
4912 4913
4916 4928
4918 4931
4918 4928
4923 4925
4923 4924
4924 4926
4925 4929
4932 4933
4933 4940
4935 4937
4936 4937
4938 4939