4941 6594
0 3327
1 3233
1 3189
2 2501
3 287
3 4655
4 4853
5 4002
5 2853
5 2295
6 3121
7 3011
7 2411
7 685
7 16
7 1943
7 4792
7 3868
8 2903
8 1235
8 4508
8 3343
9 800
9 118
10 939
11 1992
11 3268
12 2493
12 3566
12 1583
13 2113
13 1378
13 2376
13 3338
13 84
13 920
13 927
14 4019
14 3662
15 3184
16 482
16 3011
16 4646
16 4682
16 685
16 1809
16 562
16 1943
16 3868
17 978
17 563
17 1750
18 450
19 2829
20 3536
20 801
20 1556
21 89
21 3961
21 265
22 136
22 4297
22 1651
22 1741
22 3007
23 2136
23 1972
23 550
24 3955
24 2892
25 342
25 446
26 514
26 767
27 2314
27 2395
27 1541
27 2527
28 4776
29 1764
30 4858
30 2093
31 4582
32 1523
32 4493
32 463
33 3875
33 4228
34 401
34 4643
35 726
35 1966
36 179
36 1381
37 4558
38 3733
38 3711
39 428
40 2825
40 2986
40 1277
41 4443
42 2023
42 4521
42 3279
42 2096
42 3633
42 1459
42 374
42 4857
42 4639
43 1914
43 117
44 248
44 1255
44 2478
44 4151
45 4530
45 1875
45 3090
46 342
47 1260
48 1634
48 132
48 1382
48 2542
48 3056
48 1042
48 380
49 2770
49 1476
49 750
50 4464
51 3510
51 4095
52 1016
52 814
52 3335
53 401
53 1097
53 2171
53 2765
53 1507
54 2966
55 4000
55 3795
56 968
57 75
57 2909
58 4225
58 3330
58 2183
58 3248
58 2071
58 985
59 4852
59 2122
59 1348
60 681
60 3826
61 1697
61 386
62 3145
62 3819
62 4303
63 1904
63 4874
64 1070
65 880
65 4592
65 3023
66 692
66 134
67 2360
67 3881
67 3927
67 3589
67 879
68 1296
68 689
69 3384
69 2689
69 1233
69 217
70 2920
70 322
70 1570
71 3990
72 1298
72 427
72 2013
72 2079
73 4203
74 2171
75 4097
75 3204
75 996
75 359
75 2568
75 2921
75 4586
75 1785
75 1852
75 2495
76 1336
76 1333
76 3326
77 441
78 968
79 2784
79 3618
80 4200
80 3673
80 4930
81 2962
81 3982
81 1951
82 140
82 2964
83 4905
83 3044
84 2262
85 2825
85 3242
86 617
86 3178
86 1715
86 4522
87 734
88 3785
88 2548
88 4873
89 932
89 2085
89 3783
89 2482
89 2897
89 306
89 3961
89 3909
90 2234
90 2407
91 2144
91 2360
91 2031
92 2019
92 1910
93 1211
94 4079
95 126
95 2159
96 2802
96 435
96 4684
97 2998
98 1326
99 226
99 2839
99 4175
100 3648
100 3534
101 4442
101 2156
102 2115
102 3071
103 928
103 839
104 3129
104 3769
105 2592
105 620
105 3337
105 4012
105 2974
105 2102
105 1659
105 2686
106 2065
106 644
107 201
107 4667
108 177
109 3416
109 1623
110 524
110 1714
110 4203
110 364
110 2687
111 1034
111 844
112 3363
112 1579
112 1013
113 2082
113 1611
113 2946
114 1649
114 962
114 2669
115 4444
115 3924
115 389
115 3294
116 4290
116 2043
116 645
116 4904
116 1192
116 4534
116 635
116 4348
117 2403
117 2890
117 1667
117 4835
117 1914
117 4794
117 4506
118 4024
118 2059
118 2500
118 1873
119 4183
120 4713
121 3156
121 362
121 4548
122 2265
122 2220
122 1047
123 3265
123 1404
124 3147
125 1359
126 3131
127 3807
128 1841
128 3837
129 1574
130 4145
130 810
131 2304
131 994
131 1907
131 1179
131 149
132 1382
133 2952
133 1904
133 2078
134 2256
134 2849
134 3689
134 2252
134 3906
134 2382
134 4047
134 1424
134 692
135 1556
136 3282
136 3284
136 383
137 837
138 3137
138 2374
139 4041
139 3524
139 4438
139 2703
140 2745
141 2512
141 3151
141 1555
141 4887
142 2444
143 3822
143 3094
143 2734
144 2977
144 3501
144 2525
145 4316
146 2408
146 4169
146 1339
146 308
147 1032
147 3825
147 2864
148 1545
148 2411
148 405
148 1015
148 2651
148 3198
149 1907
149 2282
149 3395
149 1686
150 769
150 171
150 1989
150 183
150 1740
150 783
150 755
150 4567
150 399
151 2223
151 999
152 2904
152 2392
152 3282
152 383
153 2571
154 1042
155 4480
156 3585
156 4639
157 2608
157 979
158 1040
158 1265
158 1837
158 4049
159 2280
159 298
159 3427
160 2110
161 1504
161 3662
162 4267
163 1473
163 3482
163 997
163 4343
164 632
164 2512
164 2484
164 838
165 4206
166 2833
166 922
166 1094
167 3944
167 4586
168 1219
169 2664
169 4142
170 2984
170 775
171 1338
172 4528
172 475
172 1902
173 1248
173 797
174 2166
174 3206
175 360
175 3294
176 4403
177 841
177 4322
177 3715
177 4637
178 474
178 3356
180 2624
180 2513
180 1296
181 1901
181 3654
181 2935
182 3981
182 4477
182 918
182 4730
182 1403
182 3837
183 4209
183 769
183 1161
184 3202
185 3143
186 685
186 4386
186 2780
186 482
186 493
186 562
186 948
186 1943
186 4825
186 1212
186 297
187 4479
188 2716
188 805
188 2919
189 2926
190 4680
190 3441
191 4481
191 4371
191 4492
191 3894
192 2324
193 1780
194 3313
195 3910
196 4825
196 493
196 297
197 3325
197 871
198 3386
198 3573
199 2075
199 3013
199 203
200 1666
201 2460
202 4592
204 4539
205 3217
205 476
205 2871
206 601
206 3386
206 3102
207 4246
208 3926
209 3900
209 3077
210 4616
210 972
210 1135
211 2679
212 4010
213 313
213 308
213 479
214 4028
215 4891
216 1985
216 3594
216 1596
217 1795
217 2091
217 815
218 3032
218 961
218 3606
219 1707
219 260
220 2662
220 3414
221 1305
221 3155
221 387
221 1553
222 1019
222 895
223 2976
223 3260
223 1974
224 4720
224 3935
225 979
226 3514
226 2779
226 2386
227 1514
227 3366
228 2266
228 2931
228 2900
228 701
229 3807
230 448
230 4130
230 3867
230 322
231 3746
231 2898
231 695
232 3250
232 4845
233 4089
233 3770
234 725
234 1463
235 4824
235 723
235 1685
236 4417
237 289
238 3872
238 3512
238 4581
238 1477
239 1320
239 242
239 3516
240 1091
240 732
241 2914
242 1355
243 2072
243 3265
243 1362
243 3931
244 2369
244 3098
244 1523
245 3762
245 883
245 4582
246 468
246 1663
247 3034
247 3518
249 1883
249 3789
250 4891
250 2751
250 4015
251 1893
251 1548
251 404
251 4662
251 414
251 2143
252 1342
253 3113
253 4860
253 2206
254 2544
254 2508
255 1785
255 3391
256 4361
256 4286
256 3791
257 474
257 1260
258 712
258 1358
258 1055
259 4417
259 4155
260 427
260 1794
260 3221
260 887
261 2160
261 1106
261 2503
261 487
262 4563
263 2761
263 2164
263 967
264 3301
265 337
265 4922
266 2104
267 753
267 4706
267 1519
268 1921
269 2642
269 1474
270 1448
270 2363
271 939
272 3647
272 1071
273 3497
274 328
274 1588
274 3246
275 2345
275 3980
276 2472
276 4393
277 4940
277 2428
278 344
278 4361
278 2034
279 450
280 2717
281 2720
281 1058
282 2843
282 3510
283 2460
283 2020
283 2821
283 3805
284 2503
285 4900
286 1497
286 1242
286 1930
287 4655
287 3874
287 3061
287 1415
288 4442
288 3260
289 1938
289 2603
290 4663
291 1793
291 2972
292 1005
292 1942
293 1416
293 1332
294 4795
294 3590
295 2593
295 1064
295 2827
295 4687
295 3994
295 2203
295 1980
296 2546
297 1322
297 1611
299 302
299 1822
299 3278
300 961
300 1975
301 1362
302 1024
302 487
302 3278
302 2503
303 4564
303 1300
304 3652
305 626
305 4798
305 2918
305 3407
306 546
306 443
307 3320
307 3005
307 1911
308 313
309 3209
309 4766
309 646
309 3983
310 1514
310 3444
310 4759
311 490
311 1786
311 572
311 1973
312 3621
312 1933
314 336
314 1699
314 1638
314 1648
314 4729
314 1277
315 1608
315 4226
315 1399
316 559
317 4780
317 2261
318 1883
318 3789
319 4856
320 647
321 2667
321 4907
321 4210
321 931
321 2828
322 3840
322 1589
323 2824
323 2681
323 1466
323 740
324 2074
325 4040
325 2547
325 1693
325 1167
326 3365
326 3760
326 2514
326 2899
326 4765
326 4862
327 3564
327 2783
328 3977
328 2354
329 546
329 1463
330 2434
331 488
331 3191
332 4568
332 1158
333 3324
333 2085
333 4109
334 3653
335 3800
337 3747
337 2437
337 1334
338 4498
338 3475
338 4002
339 2708
339 4711
340 4312
341 1977
341 2399
342 446
343 2697
343 1642
343 2917
343 4622
343 654
344 3132
345 4802
345 2451
345 4022
346 2018
346 2109
347 2940
347 2178
347 3676
348 2955
348 3784
348 2249
348 4715
348 722
348 1054
349 688
349 2027
349 3238
350 642
350 1236
350 2095
351 2681
351 2759
352 810
352 4021
353 4135
354 3327
355 3963
356 1094
357 4288
357 3713
357 1828
357 2853
357 557
357 2477
357 4082
357 4854
357 2752
357 3101
358 1248
358 3370
358 3359
359 1816
359 1200
359 540
360 3714
360 1572
361 2864
361 905
361 2387
361 2782
362 4189
362 3846
363 3676
363 4132
365 913
365 2345
365 3191
366 2682
366 3341
367 847
367 4388
367 1286
367 4806
367 3655
368 669
368 2934
369 3943
370 3716
370 2535
370 4875
370 1420
370 558
370 4111
371 1531
371 1639
372 3088
372 4385
372 808
373 384
373 4569
373 488
375 2795
376 2468
377 3945
377 3018
377 4357
377 1502
377 2341
378 2466
378 3203
379 2254
379 3886
380 4352
380 2542
381 4290
382 946
382 3589
383 640
383 4353
383 1799
383 4535
383 3288
383 3834
384 921
385 2019
385 3012
385 2954
385 2349
385 1910
385 4663
385 1214
385 2591
386 746
387 1553
388 2681
388 581
389 3467
390 2208
390 2152
390 1321
390 2195
390 3925
390 1626
391 3262
392 3147
393 4368
393 1157
394 3211
394 1500
395 1793
395 1932
395 2054
396 762
396 1451
397 2990
398 1859
399 442
400 4709
400 3951
401 3073
401 867
401 715
401 2765
401 1174
401 2840
402 2738
402 2190
403 3997
404 1967
404 3173
404 4662
404 1039
405 4446
405 1758
406 515
407 516
407 4333
407 3167
408 1443
408 3439
409 4002
409 3475
409 4262
410 3627
410 2662
410 3414
410 3647
411 3048
411 1836
411 1806
412 2891
412 3548
412 3189
413 1713
413 3883
413 2636
414 2171
415 3563
415 3271
416 2074
417 3107
417 1732
418 3490
418 452
418 1031
419 2432
419 2732
420 500
420 3109
421 3842
421 1671
422 3974
423 986
423 4562
423 3003
423 970
423 4766
424 2683
424 990
425 1731
425 2894
426 632
428 1471
428 734
429 2257
429 796
430 1091
430 3670
430 4823
431 3166
432 1610
432 1311
433 4577
433 1090
433 3137
433 4519
433 3400
433 3180
433 463
433 819
433 662
433 2553
433 924
433 1437
433 446
434 3329
434 4374
434 2663
435 4658
436 4366
437 3377
437 619
438 3816
438 4290
439 4574
440 4179
440 3516
441 3497
441 3429
441 2745
444 980
444 660
444 2429
444 3253
445 2923
445 4164
445 4382
446 2720
446 2344
446 3150
446 886
446 503
447 2112
447 4681
449 4541
450 2336
450 3491
450 1989
450 2259
450 458
450 3251
450 3509
450 3064
450 2905
450 3738
450 2555
450 2730
451 1530
452 4328
453 2064
453 4898
453 4925
453 1006
454 501
454 4806
455 3784
456 1771
456 4725
457 1824
457 4561
457 915
457 3157
459 501
459 4806
460 3807
461 4620
462 2180
462 4357
462 940
462 3724
462 3311
462 4757
462 3162
463 2720
463 3371
463 4577
464 2392
464 1351
464 2687
465 4047
466 2570
466 772
466 4326
467 1866
467 1198
468 1945
468 989
468 489
469 3485
469 4294
470 1399
471 2020
471 3564
472 512
473 1021
473 1814
474 2953
475 4726
477 4178
477 4754
477 613
477 1662
478 3744
478 1733
479 2596
479 2335
480 2981
480 903
481 532
481 3879
482 4386
482 2780
482 493
482 562
482 1212
482 2077
483 2231
484 3819
484 1245
485 1139
485 775
486 4153
487 2789
488 2222
488 670
489 2557
491 1112
491 683
491 1518
492 3577
492 1939
492 4723
493 865
493 1322
493 1679
493 562
493 948
493 3830
493 4825
494 3000
494 2684
494 2989
495 1835
495 3886
496 3833
496 2518
497 3231
498 4082
498 3043
498 4309
499 2411
499 3899
500 4531
500 3511
501 2200
501 1405
502 3859
502 2677
502 2543
503 2720
503 4484
503 2604
503 886
503 2841
504 3066
504 3619
505 2182
506 3160
506 1825
506 4932
507 4712
507 2883
508 4580
508 4806
509 3034
509 4111
510 4227
510 3223
511 4288
511 1195
511 1116
512 2866
512 4109
513 3418
513 2443
513 4428
514 4267
515 1672
515 2361
515 3183
516 864
517 4115
518 978
519 2456
519 2566
519 1318
520 1937
521 4881
521 1266
521 4478
522 4144
522 703
523 1100
524 4432
524 1116
524 4157
524 2687
525 1588
525 3246
526 1447
527 1859
527 3827
528 560
528 1876
529 4923
529 971
529 1939
530 3577
530 3374
531 932
531 4740
531 2926
532 2964
533 2320
533 3828
533 4259
533 4660
533 2365
534 3015
534 4316
534 903
535 4745
536 2714
536 2739
537 981
538 4679
539 4189
540 2724
540 2198
541 3827
541 4229
542 2437
542 2983
542 2973
542 1359
542 4221
542 4901
543 4104
543 3185
543 4518
543 2103
544 3974
545 2074
546 2221
546 3967
547 3213
547 2591
548 1000
548 3388
548 701
549 4279
549 3997
549 4319
549 3047
551 940
552 977
552 595
552 3332
553 3881
553 2830
554 2749
554 1375
555 2888
555 1004
555 2335
556 2120
556 3195
556 1303
557 4219
557 2295
558 4520
559 3973
560 2931
560 1122
560 1731
560 1060
561 1446
562 4386
562 1864
562 2780
562 4682
562 948
562 4825
562 1212
563 1103
564 4636
564 3164
564 4111
565 2847
566 3255
566 1510
566 879
567 2479
567 3533
567 2431
568 2923
568 2469
569 2507
569 4869
569 1823
570 3132
571 1964
573 4835
573 4479
574 814
575 1297
575 4150
575 4254
576 4824
577 964
578 4387
578 1259
579 2014
580 1464
580 3770
580 2051
580 2652
580 1671
581 4078
582 1964
582 1319
583 2380
583 4269
584 4417
584 3403
584 1316
584 4139
584 2291
584 4412
584 767
585 3936
586 2826
587 3146
587 2059
588 2000
588 2534
589 3114
590 4751
591 1690
591 3082
591 3991
592 800
592 1435
593 4879
594 2547
595 3641
595 1308
595 613
595 1705
596 4776
597 2633
597 1454
597 3047
598 4385
598 1410
598 4739
598 1706
598 4821
598 925
599 3740
599 651
599 4556
599 4876
600 3268
600 4413
601 2013
602 2682
602 3447
603 3709
603 3854
604 1432
604 4339
605 4507
606 4548
607 968
608 4744
608 2861
609 1668
609 1093
610 4345
610 2986
610 2891
610 2183
611 2489
611 4002
611 2238
612 3053
613 4874
613 3045
614 3168
614 1609
614 1313
615 3464
616 2017
616 1156
616 2052
616 2950
616 4542
616 3353
616 4474
616 2366
617 4911
618 3349
619 3389
621 4207
622 1862
622 2239
623 4624
623 4329
624 4206
624 2727
625 1300
625 813
626 3739
626 2855
626 3851
626 2831
626 3355
626 3902
627 4512
627 4707
627 718
628 3112
628 3397
629 3497
630 4139
630 4155
630 3393
631 2355
632 4188
633 4626
633 1534
633 3343
634 1767
634 4040
634 2988
634 2798
634 2639
634 1204
634 2648
634 3103
634 2175
635 4290
636 1795
637 680
637 4205
638 3714
638 1291
638 1572
639 4324
640 1107
640 3787
641 3515
641 4255
642 4476
643 918
643 3079
644 1573
644 3044
644 1221
644 4905
644 1389
644 2065
644 4158
644 2911
645 3425
645 841
645 3660
645 1309
645 3632
645 2748
645 925
645 4479
646 2193
646 1806
647 1832
647 3203
648 4664
648 1969
648 3859
649 4111
650 1244
651 1061
652 1155
652 3333
652 1805
652 686
652 1844
652 3813
653 888
653 3218
654 1642
654 4622
655 4028
656 4273
657 4187
658 4546
659 2401
659 3988
660 980
661 707
661 4660
661 4119
662 3740
662 2205
663 3286
664 737
665 3423
666 4003
666 2539
666 4783
667 1442
667 1850
668 1032
668 1544
668 1753
668 2897
669 2410
669 2579
670 1616
671 2616
671 683
672 1907
672 4086
673 2905
673 1115
673 2713
674 1313
674 2538
675 1884
676 3225
676 4714
677 1865
677 1418
678 2616
678 2385
678 4923
678 2781
678 929
679 1162
679 3283
679 4439
680 1616
681 3574
682 2079
683 3843
683 4135
683 3611
683 2108
684 1068
684 4895
685 4386
685 3011
685 3175
685 2411
685 2386
685 1943
685 4792
685 3868
687 1658
688 2736
690 1780
691 1122
691 3645
692 1424
692 3689
692 2252
692 3906
692 2382
692 2256
693 1218
694 2056
694 1394
694 3871
696 2464
696 2618
697 4636
698 4089
699 3344
699 744
699 4876
700 2785
700 4171
700 2831
701 1913
701 833
702 1656
702 1384
703 4572
703 3730
703 1590
703 4347
703 1276
703 959
704 3552
704 4494
705 1649
705 898
705 2117
705 3877
706 4224
708 3202
709 2503
710 1561
710 2039
711 4598
711 2783
712 1292
712 4403
712 3284
712 3834
712 3165
713 1344
713 2833
713 922
713 4618
714 981
715 2875
715 2828
715 1550
716 4659
716 4412
717 1841
717 923
718 4512
718 3394
718 4707
718 3588
718 3270
718 1330
718 925
719 2630
719 3687
720 4388
720 1286
720 3655
721 1323
721 2219
721 1645
722 3841
722 3218
722 3038
722 4249
723 3256
723 2053
724 3177
724 2154
724 911
724 4561
724 4470
724 827
724 4380
725 1463
726 2738
726 3819
727 4871
727 4171
727 4748
727 3384
727 4765
727 4862
727 2975
728 1080
728 3826
729 2863
730 1814
731 3433
731 4643
731 1057
732 1859
732 3827
733 1616
733 1109
734 4087
735 3508
735 3206
735 4798
736 2755
736 4021
736 3811
737 2432
737 2260
737 2669
737 4206
738 3338
738 4260
738 3813
739 2000
739 920
739 1154
739 2376
739 1945
740 3021
741 3769
741 1028
742 2564
742 757
743 2504
743 4276
745 3425
745 806
745 4904
745 2748
745 2923
745 4146
745 4348
746 3269
746 3947
746 3471
746 850
746 3734
746 2968
746 1529
746 4367
746 3070
747 1679
748 2695
749 1381
750 2474
751 935
751 2645
751 3230
751 3295
752 2974
752 2499
752 1102
752 2870
753 2472
753 3249
753 1519
754 3344
756 4672
757 2299
757 3677
757 894
758 1095
758 3241
758 1610
758 4908
758 3215
758 760
758 1498
758 1022
758 1311
759 1768
759 821
761 1385
761 1381
761 4679
762 3820
762 1004
762 3733
762 3734
762 1978
763 1490
764 4921
764 3130
764 3994
765 2299
765 3460
766 1121
766 3084
766 3653
767 2151
768 1904
768 1271
769 1161
769 4618
769 3604
770 1953
770 3484
770 4277
770 1518
770 3591
771 2309
771 1046
771 853
772 2935
773 4448
774 2406
774 3435
774 3212
774 2704
774 849
774 1784
776 2305
777 4737
778 2689
778 3976
778 1549
778 785
778 1778
778 1302
779 4849
779 2867
779 2919
780 1186
780 4675
780 2279
781 3386
781 3502
782 859
782 1398
783 2978
783 4551
783 1226
783 1740
783 3998
784 1990
785 4006
786 1511
787 896
787 1026
787 3299
787 4079
787 4337
787 2963
787 2521
787 1625
787 1019
787 1310
788 4756
788 4058
788 3861
788 4549
788 1501
789 4396
790 2011
791 2862
791 3590
792 3398
792 942
793 2032
793 3810
793 3237
793 1134
793 3184
793 2135
793 2621
794 816
794 3529
794 3787
794 3996
794 837
795 3058
795 2197
796 3209
797 1248
797 4001
797 1975
797 2201
797 3263
798 3091
798 1647
799 4202
799 4180
801 3428
801 4067
802 818
802 2370
803 2496
803 1906
804 4217
804 4903
805 4643
805 3254
805 4230
805 2716
805 4299
805 4566
806 1690
806 2917
807 4456
807 2495
809 2510
809 2055
810 4458
811 4721
812 1298
812 2372
813 3442
814 2315
815 1640
815 2774
815 2655
817 2328
817 2741
818 3647
818 1895
820 904
820 1564
820 1326
821 3143
822 2162
822 3070
823 2761
823 1206
823 967
824 3601
824 3116
824 4605
824 1228
825 1593
825 4459
825 4259
826 1193
826 1065
827 2011
827 1268
828 2293
829 1314
829 4389
829 2093
830 3887
830 3599
831 2617
831 4063
831 2521
832 2980
832 4188
832 3061
833 976
833 2943
834 3266
834 3746
834 1734
835 1987
835 4405
835 1159
836 3528
836 914
836 3940
837 1165
837 1222
837 1081
838 2512
838 1711
839 4640
839 3056
839 4483
839 4549
839 3142
839 3297
839 1128
839 1513
839 4076
839 3918
839 3184
839 3504
839 4627
839 969
839 4368
839 3963
839 1086
839 4693
840 3033
840 2397
841 2890
842 1787
842 3596
843 4488
844 2880
844 1034
844 907
844 3694
844 4092
845 1048
845 3297
845 1615
845 4284
845 1215
846 3066
846 1259
847 4806
848 1530
849 2704
849 4025
850 1697
851 2490
851 2565
852 4010
852 938
852 3114
852 3261
853 4889
853 2642
853 4052
854 939
855 2314
855 4035
855 1149
855 3958
855 2901
856 4722
856 2597
857 4188
857 980
857 4655
858 939
859 1596
860 1658
860 1749
861 1261
861 967
862 3824
862 2193
862 2439
863 4186
864 2318
864 3167
865 4372
865 1213
865 3830
866 1881
866 2155
866 2231
867 2212
868 4689
868 3522
868 3122
869 2218
869 4758
869 2222
869 3063
870 3048
870 3483
871 4280
872 2617
872 3555
872 1613
872 3902
872 2785
873 1682
873 4323
873 2684
873 3750
874 4016
874 2161
874 4858
875 2836
875 4468
875 4548
875 2014
875 4614
876 2496
876 3244
877 4694
878 2549
879 2358
879 1302
879 1517
879 1233
879 2676
879 3412
879 2523
880 2850
880 4518
880 4168
880 4464
880 1366
880 2907
880 1597
881 2560
881 946
881 1524
882 2658
882 1902
882 2959
883 2673
883 3762
883 1739
883 3373
884 1126
884 3026
884 3541
884 3864
884 1692
884 2229
885 3213
885 2591
886 2720
887 1153
887 3068
888 2945
888 2371
889 4677
889 4872
889 1994
889 4397
889 4602
889 3674
890 4448
890 1473
891 3424
891 4073
892 2808
892 4227
892 3093
892 2310
893 2152
894 2048
894 4433
895 3426
896 2784
897 3516
898 2985
899 3017
899 2196
899 4645
900 3218
900 3726
901 1258
902 1317
902 1800
902 3177
902 4207
902 1981
902 4453
904 1551
906 1113
906 4428
907 4092
907 3694
908 4554
908 4858
908 1163
908 4002
909 4010
910 4688
910 4594
910 4684
911 3593
911 4574
912 2848
912 3575
913 2715
914 4273
916 4922
917 1888
917 1317
917 3433
917 2765
917 4061
917 981
917 3901
918 4162
918 4623
919 1952
919 2396
920 2376
921 2059
922 2905
923 1771
924 2226
924 3740
925 1408
925 4512
925 4739
925 1706
925 1330
925 1309
926 3298
926 1644
927 4521
928 4354
928 3957
929 1427
929 4723
929 4628
929 2616
929 1022
930 1980
931 3474
931 1423
932 4129
932 4836
932 2085
932 4880
932 1110
933 2594
933 3734
934 4832
934 4045
935 3295
935 941
936 2680
936 1937
936 3531
937 4657
937 3915
937 1046
938 3862
938 2950
939 4432
939 3494
939 2599
939 2889
939 4759
939 3629
939 4496
939 3346
939 2003
939 3892
939 1655
939 2104
939 3444
939 2426
940 1275
940 1133
942 2228
943 1100
943 3311
944 4642
944 1827
944 4423
944 2888
944 1610
944 4142
945 3396
945 3644
945 2829
947 3882
948 2029
948 4825
948 1679
949 2512
949 1722
949 1382
950 3961
950 3371
950 1171
951 4664
951 3190
952 3155
952 3229
953 3634
954 1408
955 1719
956 1833
956 1537
957 1028
958 3090
959 3402
959 1486
960 2540
963 3132
963 4045
964 2335
965 4054
966 3153
966 1345
967 2761
967 4011
967 3888
968 2678
968 1963
968 4596
968 2966
969 3056
969 4549
970 2010
971 3968
972 2526
973 4713
973 1105
974 2089
974 1790
974 3022
974 2086
974 3753
975 4802
975 4571
975 2431
976 1585
976 2263
976 3133
977 3113
977 3332
977 1662
978 4039
978 4233
978 3692
978 2391
978 3771
978 3199
979 1734
981 1896
981 2765
982 3490
983 4433
984 4115
985 2350
986 4804
986 1293
986 4311
987 4675
987 3662
988 2426
989 1802
990 2953
990 4397
991 3165
992 1376
992 1971
992 3238
993 2156
994 1187
994 1014
995 3792
995 4153
995 4138
995 2248
995 3365
996 2511
998 4296
998 2066
998 1783
999 3447
999 1962
999 4107
999 1950
1000 3388
1001 1578
1001 1172
1001 3854
1001 4599
1002 2393
1002 1860
1002 4117
1003 1400
1003 1185
1003 4591
1003 3959
1004 4437
1004 3662
1007 3801
1007 4772
1007 2406
1008 3035
1008 1964
1009 3568
1010 4883
1010 4415
1011 1802
1011 3139
1012 4353
1013 3363
1014 1187
1014 1686
1014 4831
1015 2651
1015 4422
1015 2152
1015 2411
1015 4175
1015 3925
1015 2839
1015 4792
1015 3899
1015 4446
1016 2018
1016 2109
1017 4513
1017 2935
1018 3868
1019 2746
1019 1578
1019 4199
1020 1529
1020 4863
1021 2898
1021 4451
1021 4702
1021 1814
1022 1146
1022 4628
1022 3773
1023 2584
1023 2386
1024 4601
1025 4676
1025 1958
1026 3792
1026 1198
1027 2762
1027 3014
1028 1037
1028 1105
1029 4320
1029 2441
1030 3386
1032 3280
1032 2864
1032 1753
1033 2129
1034 3181
1034 1136
1034 2353
1034 1043
1034 2873
1035 1393
1035 2531
1036 3203
1036 4590
1037 3769
1038 3554
1040 1837
1041 4237
1041 2038
1041 1815
1042 1382
1043 1136
1043 2353
1044 1065
1044 1962
1045 1426
1046 1098
1046 2617
1048 3297
1048 4059
1048 4919
1049 3033
1049 1452
1050 1056
1050 2240
1051 3755
1052 3928
1052 4611
1053 1654
1055 2087
1055 3834
1055 4678
1055 3399
1056 1350
1057 1891
1058 2720
1059 4264
1059 2901
1062 1842
1062 3543
1063 4826
1063 1604
1063 1589
1064 2593
1064 2203
1064 2207
1066 1328
1066 1265
1067 3807
1068 4564
1068 2153
1069 2881
1069 3011
1070 1902
1071 4147
1071 1895
1072 1216
1072 2619
1072 2372
1073 4256
1073 2912
1073 1627
1073 2342
1074 3649
1074 2086
1075 2597
1076 2320
1076 1298
1076 2365
1077 4088
1077 2467
1077 3685
1077 1591
1078 4763
1078 1413
1079 3896
1079 4335
1079 4503
1080 2736
1082 2001
1082 4650
1082 3117
1082 3458
1083 4617
1083 4869
1084 1244
1084 3535
1085 4622
1086 4440
1086 2553
1087 3640
1087 4601
1087 4554
1087 4695
1088 3735
1089 4866
1091 1664
1091 2530
1091 4939
1091 1645
1091 4242
1091 2803
1091 4251
1091 2332
1092 1284
1093 4791
1093 1260
1093 3132
1094 2375
1094 3496
1094 3440
1094 4152
1094 3604
1094 2807
1094 1336
1095 2631
1096 2020
1096 1701
1096 3599
1097 1880
1097 4241
1098 4408
1098 2309
1099 4643
1099 4230
1100 3018
1100 3459
1100 3071
1101 3346
1102 2499
1103 1376
1103 2027
1103 2132
1104 2497
1104 2426
1104 3804
1104 4815
1105 3972
1105 3183
1105 3569
1105 3289
1106 1885
1107 1799
1107 3787
1107 3220
1107 2551
1107 4377
1107 4541
1107 3135
1108 3111
1109 2549
1110 1197
1110 4543
1111 3803
1112 2335
1113 1194
1114 2920
1114 3867
1114 1516
1115 1344
1115 2713
1116 4355
1116 4046
1117 2452
1118 4309
1119 3092
1119 1886
1120 4416
1120 1872
1120 2347
1120 2620
1120 4565
1121 3233
1121 1674
1121 3548
1121 3653
1122 1777
1123 3241
1123 1954
1124 3773
1125 2701
1127 2369
1128 4640
1128 3142
1128 4489
1128 4368
1128 3124
1129 3689
1130 2197
1130 2286
1131 4160
1131 1306
1131 4630
1132 1310
1132 4079
1133 4445
1134 3184
1134 3137
1134 2032
1135 4648
1136 2353
1137 2585
1137 3316
1138 1197
1139 2299
1139 4559
1140 2905
1140 3998
1141 4528
1142 1161
1142 4931
1142 1285
1143 3518
1143 2175
1144 3936
1144 1865
1144 2581
1145 3628
1145 2647
1146 3843
1146 3003
1146 3439
1146 1427
1146 4469
1146 2616
1146 2463
1146 2108
1146 2335
1147 2802
1147 2063
1147 4023
1148 2378
1148 2335
1149 2284
1150 3223
1151 4026
1151 4868
1152 4027
1154 1797
1154 4639
1156 4010
1157 4368
1157 3124
1158 4603
1158 1790
1158 1575
1160 3666
1160 4324
1160 2550
1161 3496
1162 1457
1164 3114
1165 3529
1165 2109
1166 2006
1167 2547
1168 1300
1168 2566
1169 2591
1169 2503
1170 1441
1170 4597
1171 4245
1172 2746
1173 2504
1173 2290
1173 2546
1174 1761
1175 4572
1176 2699
1177 4493
1178 3240
1178 4113
1178 3710
1178 4582
1178 2911
1179 2487
1180 4361
1180 2718
1181 1240
1181 2129
1181 4765
1181 4862
1181 4871
1182 3800
1182 2729
1183 2670
1183 4758
1184 2552
1184 1249
1184 3550
1184 4897
1185 4585
1186 4019
1186 4863
1188 3270
1188 2567
1188 1424
1188 2705
1188 3348
1188 1814
1189 3427
1190 2017
1190 3034
1190 1765
1190 2366
1191 3212
1191 4733
1191 4669
1192 3746
1192 3270
1193 4734
1194 4170
1194 1805
1194 2006
1194 4728
1194 3069
1194 4414
1196 1858
1196 1298
1196 3429
1196 3974
1197 4578
1199 2504
1199 3268
1199 4276
1201 4075
1201 4533
1202 2041
1202 2982
1202 4559
1203 2698
1204 3626
1205 3900
1206 4584
1207 1846
1208 2595
1208 2239
1209 4481
1209 2810
1209 4492
1210 4827
1210 1646
1210 2196
1210 4500
1210 1211
1210 3613
1211 1388
1211 1646
1212 4386
1212 1864
1212 2780
1213 1545
1213 1679
1213 4372
1213 4762
1213 3198
1216 4010
1217 4781
1217 4698
1217 1219
1217 2333
1217 4255
1218 3892
1218 2710
1219 2191
1220 3882
1220 1933
1221 4905
1222 3529
1222 3836
1222 2871
1223 4429
1224 2863
1225 3730
1226 1655
1227 1738
1227 3173
1228 2099
1228 3524
1228 1710
1229 4040
1229 1361
1230 4630
1230 2671
1231 4593
1231 3708
1232 1433
1232 2209
1232 3371
1232 4503
1233 4748
1233 3244
1233 2674
1233 3310
1233 1906
1234 2265
1235 1695
1235 3543
1236 2867
1236 3254
1237 2696
1237 4432
1238 3008
1238 2895
1238 1255
1239 2267
1239 1493
1240 4802
1240 3014
1241 4072
1241 1601
1243 3520
1243 3143
1244 2884
1244 3285
1244 3167
1246 2979
1246 3997
1247 1654
1249 2739
1250 3748
1250 3273
1250 3537
1250 3730
1250 4051
1250 1691
1251 3304
1252 3467
1252 4365
1253 2851
1253 2997
1254 4367
1254 4731
1254 3158
1254 2287
1255 1328
1255 3008
1255 2895
1256 1625
1256 3066
1257 1942
1258 1585
1259 3520
1259 3756
1259 2274
1259 4215
1259 1373
1261 4705
1261 3522
1261 3240
1261 3725
1261 2812
1261 1918
1262 4056
1262 4313
1262 4052
1263 4011
1263 4550
1263 2630
1264 2537
1265 3328
1265 1635
1265 1837
1265 3087
1265 1328
1265 4049
1265 4275
1265 2614
1265 4087
1265 3420
1265 4222
1266 4287
1267 3784
1267 3321
1267 1595
1269 3456
1269 3163
1270 3787
1270 3582
1271 4409
1272 2640
1272 3426
1272 4159
1273 3161
1273 1574
1274 4018
1274 3132
1275 3146
1275 4374
1276 1419
1276 4572
1276 3735
1277 4345
1277 2891
1277 4596
1278 2714
1279 1539
1280 4034
1280 3493
1281 4403
1281 3970
1281 2187
1281 2294
1281 2719
1282 2819
1282 1868
1282 4622
1282 3920
1282 3683
1282 4366
1282 3449
1282 4604
1282 3422
1283 2943
1284 4611
1284 3763
1285 4760
1286 2726
1286 3655
1287 4603
1288 4069
1289 1833
1289 4190
1289 3031
1290 1651
1291 4283
1292 4879
1292 4817
1292 3288
1292 1979
1292 4318
1293 1537
1294 2578
1294 1676
1294 2262
1295 4395
1295 1590
1295 1438
1296 2624
1296 3185
1297 4352
1297 3249
1297 1501
1297 4254
1298 3462
1298 2013
1299 1804
1299 4509
1300 2422
1301 4111
1302 1931
1304 1513
1305 4600
1305 3155
1305 4406
1305 3701
1306 1744
1307 3730
1308 4392
1308 2856
1308 4874
1309 4314
1310 3618
1310 4862
1311 2631
1312 3134
1312 3950
1314 4309
1314 4198
1315 1525
1315 1934
1317 1883
1317 3537
1317 3730
1317 1691
1317 1981
1318 4260
1319 3397
1319 3112
1319 2704
1319 3292
1319 4351
1321 2641
1322 4825
1324 1377
1324 3529
1325 4232
1325 3202
1326 4859
1326 2419
1326 3687
1327 4350
1328 1635
1328 1414
1328 3176
1328 3058
1328 2275
1328 2012
1328 1567
1329 2296
1329 2026
1329 3443
1330 4512
1330 3425
1330 4739
1330 2917
1330 1408
1330 3350
1331 2556
1331 2999
1332 1416
1332 3416
1332 4266
1332 2946
1334 4220
1334 1359
1335 4736
1335 4530
1336 3231
1337 3296
1337 3500
1338 2978
1338 3629
1338 4567
1339 2253
1340 2907
1341 3105
1341 3199
1342 2390
1342 2711
1343 3199
1344 1796
1344 2158
1344 4239
1345 4288
1345 4858
1345 2853
1345 3623
1346 2442
1347 4042
1347 1859
1348 4231
1349 2800
1349 3938
1350 2080
1351 3960
1351 3118
1351 2687
1352 2710
1353 4758
1354 3813
1354 2503
1355 1945
1356 2473
1357 3704
1357 4557
1359 4356
1359 2437
1359 2983
1359 2319
1360 4492
1360 2661
1361 4040
1361 3809
1361 4588
1361 1470
1362 3931
1362 3219
1363 3602
1363 4692
1364 2443
1364 2006
1365 3401
1365 1514
1366 4396
1366 2836
1367 4737
1368 3760
1368 3488
1368 3151
1369 2171
1369 2069
1370 2577
1370 3442
1370 2669
1371 4570
1372 2589
1372 1637
1373 2364
1374 2951
1377 4580
1377 4157
1377 2889
1377 2687
1378 4428
1378 2534
1379 2435
1380 3120
1380 4845
1380 2181
1381 4679
1381 3498
1381 3410
1381 2392
1382 2890
1382 4846
1382 1935
1382 2553
1382 4479
1383 4625
1383 2003
1383 2004
1384 2428
1385 2176
1385 2247
1385 4649
1385 4679
1385 2835
1386 2988
1387 2122
1387 4852
1387 2277
1389 2065
1390 4119
1391 2698
1392 1592
1392 1799
1392 2687
1393 3737
1394 3544
1394 3060
1394 4461
1395 2538
1395 3006
1396 3897
1396 2998
1397 1555
1397 3154
1397 3323
1398 3643
1398 2740
1398 3614
1399 2734
1399 3953
1399 3956
1399 2328
1399 4093
1399 4158
1399 4191
1400 1890
1401 1932
1401 1454
1402 2009
1402 4841
1404 4596
1404 2189
1405 2037
1406 4176
1406 4017
1406 2996
1406 1782
1406 3319
1406 4500
1407 4802
1407 4775
1408 4739
1408 2322
1408 4821
1409 2367
1411 4719
1412 3997
1413 3236
1416 3416
1417 4848
1417 2683
1418 3818
1421 4267
1422 2636
1422 3885
1423 3474
1423 4268
1424 2705
1424 1814
1425 4802
1425 3132
1426 3876
1427 2373
1428 4909
1429 1842
1430 4182
1431 2312
1431 3909
1432 3915
1432 4339
1433 2209
1434 1990
1435 4264
1436 1480
1436 2379
1436 2286
1436 1457
1436 2613
1436 4087
1436 2331
1439 4521
1439 4573
1440 3296
1441 2061
1442 2728
1443 2596
1444 4248
1445 3990
1445 2190
1446 2331
1446 1475
1447 2898
1447 3746
1449 2859
1449 3483
1450 4457
1451 3089
1451 4500
1451 3074
1451 4017
1452 4214
1452 4431
1453 2582
1453 3943
1454 2838
1454 2455
1454 2202
1454 3997
1455 4355
1455 2743
1456 1504
1456 3662
1457 3839
1458 2236
1458 3815
1459 2004
1460 4390
1461 3590
1462 2040
1462 4840
1462 3411
1462 4323
1462 4813
1463 4938
1464 2201
1464 3293
1465 2640
1466 4433
1467 4499
1467 4111
1468 3624
1468 4111
1469 3657
1469 2514
1469 2899
1470 1767
1471 3148
1472 4075
1472 1495
1473 4448
1473 2250
1473 4844
1473 4270
1473 3482
1474 4889
1474 2133
1476 4674
1476 4699
1476 1591
1477 3512
1478 4534
1479 1904
1479 3774
1480 2738
1481 4264
1481 3331
1481 2500
1481 4035
1482 2442
1482 3638
1482 4293
1482 3046
1483 2539
1483 2638
1483 4783
1484 2635
1484 4708
1485 2081
1485 3178
1485 1900
1487 2724
1488 2011
1488 4265
1488 2571
1488 3174
1489 1858
1489 3855
1490 1808
1490 2677
1491 2960
1491 4353
1491 2551
1491 3493
1491 1863
1492 3144
1493 2824
1494 1968
1494 2715
1494 1684
1495 3201
1495 4786
1495 3939
1495 2549
1496 3016
1497 2826
1497 2415
1498 1594
1498 3215
1499 3428
1499 4501
1500 2774
1501 4058
1501 4549
1501 4254
1503 3208
1503 3249
1503 2485
1503 2615
1504 1769
1505 3449
1505 4821
1506 2848
1506 1982
1507 1849
1508 3451
1508 4891
1508 4091
1509 3931
1509 4703
1510 1813
1511 2650
1512 4208
1512 3621
1513 4640
1514 3401
1515 2992
1515 4729
1515 3242
1516 3840
1516 2037
1518 3610
1518 2647
1519 4706
1520 4896
1520 4185
1520 4188
1521 4075
1522 1882
1522 2794
1522 2862
1523 3672
1523 2369
1523 3371
1524 3589
1526 3321
1526 3481
1527 1610
1527 4423
1528 3697
1528 4802
1528 2963
1529 3557
1529 4903
1529 4720
1529 4212
1530 2352
1530 2188
1530 2289
1530 4255
1531 2952
1531 4860
1532 4579
1532 4582
1533 2979
1533 2691
1533 3823
1535 4873
1535 1542
1536 3136
1536 3392
1536 3021
1536 1853
1538 3346
1539 3408
1539 2208
1539 3123
1540 4747
1540 4508
1541 3671
1542 2486
1543 4593
1543 2194
1543 1927
1545 4704
1545 1922
1545 3175
1545 2411
1545 3830
1545 4792
1545 3198
1546 4536
1547 2251
1547 1660
1548 3812
1548 2246
1548 1738
1548 3313
1548 2143
1549 2991
1550 1761
1550 1940
1551 3568
1551 4924
1551 2009
1552 3003
1552 2060
1554 3153
1554 3100
1554 4084
1555 2692
1555 3740
1555 3869
1555 3454
1556 2532
1557 1852
1558 4487
1559 3034
1559 2372
1560 3381
1562 4028
1563 2671
1563 3429
1563 3077
1564 3568
1565 4423
1565 2596
1565 2335
1566 3264
1566 4582
1568 3669
1568 2198
1569 3464
1569 3322
1570 3840
1570 2037
1571 4144
1571 2313
1571 1691
1571 2868
1571 4721
1572 3714
1575 3250
1576 2750
1577 4753
1577 2365
1578 3761
1579 4345
1579 2298
1579 2230
1580 3577
1580 4923
1580 1939
1581 4802
1581 4098
1582 2049
1582 4763
1583 2412
1583 3740
1584 3626
1585 2965
1586 4047
1587 2363
1587 3685
1589 3867
1590 1636
1590 2573
1590 3445
1590 1820
1591 3752
1592 3746
1592 2343
1592 3305
1592 2005
1592 4887
1593 3227
1594 3374
1595 3481
1596 4032
1598 4541
1599 2075
1600 4072
1600 1601
1601 3040
1601 4026
1601 3630
1602 3590
1602 1911
1603 1613
1603 3999
1605 2679
1606 1788
1607 3001
1607 4238
1608 1831
1609 2922
1609 1726
1610 4100
1610 2664
1612 2298
1612 2230
1612 2086
1613 4408
1614 3590
1616 2218
1616 2549
1616 3063
1617 3808
1617 3189
1618 1937
1619 2063
1620 3374
1621 2696
1621 2145
1621 3138
1621 4255
1622 1936
1622 3012
1622 3964
1623 4906
1623 2029
1624 4113
1624 3687
1624 4329
1625 3571
1625 3639
1626 3011
1626 2152
1626 2641
1626 2195
1626 1763
1626 2839
1626 3354
1626 2651
1627 2243
1628 2050
1628 4447
1629 3972
1630 3273
1631 4491
1631 2203
1631 2813
1632 2145
1633 4049
1633 1874
1633 2501
1636 2466
1637 2629
1638 3233
1641 1849
1641 2219
1642 2778
1642 3642
1642 4622
1643 3200
1643 4781
1644 2248
1644 3143
1646 3017
1646 4425
1647 2257
1648 1699
1648 2098
1648 3523
1649 3076
1649 3877
1649 4857
1650 3813
1651 4297
1651 3834
1651 1861
1652 2469
1653 4368
1653 3124
1654 4192
1654 2339
1654 2606
1654 4561
1654 3380
1654 4430
1654 2747
1655 2497
1655 2767
1656 4613
1657 3922
1657 2644
1658 2338
1658 4797
1660 2348
1660 2671
1660 2988
1660 1903
1661 4218
1661 4933
1664 2976
1665 3392
1665 4538
1665 2759
1666 1858
1666 3775
1668 2451
1669 1949
1669 2629
1670 4291
1671 3169
1671 3364
1671 3606
1671 1836
1671 3602
1671 4342
1671 3802
1671 4125
1671 3263
1673 1958
1674 3233
1675 3863
1675 2359
1676 4260
1676 4564
1677 2654
1678 3192
1678 3279
1678 3743
1679 4825
1679 3198
1680 1994
1680 4045
1681 2359
1682 3600
1683 2583
1684 2314
1685 3101
1685 2590
1687 4034
1688 3775
1689 2327
1690 4146
1690 2293
1691 3730
1692 2414
1693 2619
1694 4054
1695 3036
1695 3919
1696 2729
1696 4725
1698 3131
1698 3870
1699 2768
1700 2540
1701 3614
1702 4101
1702 3734
1703 4262
1704 3300
1705 1821
1706 4739
1707 4172
1708 3573
1708 2365
1709 4929
1709 2619
1711 3961
1711 4782
1712 2673
1713 3398
1713 4742
1713 2535
1713 4462
1713 2999
1715 4911
1716 3704
1716 4929
1716 4750
1717 4600
1717 3783
1718 3658
1718 4647
1719 4639
1720 4505
1720 4787
1720 4814
1720 3041
1721 4010
1722 2937
1722 2890
1722 3583
1722 4887
1723 3252
1724 3052
1724 2527
1725 3722
1726 4305
1726 3477
1726 4783
1727 2218
1728 4051
1729 2164
1730 1968
1730 4137
1731 4041
1732 4571
1732 2801
1733 3921
1733 3951
1734 2815
1735 2744
1736 2009
1737 2622
1738 4066
1738 3173
1740 4618
1742 4323
1743 2248
1743 3619
1743 3870
1744 2442
1745 3402
1746 3120
1746 2675
1746 4845
1746 2990
1746 2071
1747 2333
1748 3328
1749 2525
1751 3344
1752 4076
1753 1924
1753 4901
1753 2119
1753 4529
1754 4614
1755 3513
1756 3982
1756 4294
1757 4824
1758 2799
1759 4252
1759 2174
1759 4062
1760 3517
1760 4407
1760 3303
1760 2597
1760 3799
1761 2665
1762 4513
1762 4326
1764 2172
1764 3766
1765 2619
1766 4687
1766 4719
1768 4680
1768 3441
1768 3992
1768 3756
1769 3662
1769 4863
1770 3946
1770 2373
1772 2925
1772 4014
1773 4077
1774 2462
1774 4727
1775 4371
1775 3894
1776 4501
1776 3077
1777 3568
1777 4924
1778 4269
1778 2830
1779 4620
1780 4209
1781 4034
1784 3657
1785 4784
1785 4502
1786 3417
1786 4698
1786 3831
1786 1857
1787 3744
1788 4122
1789 1800
1789 2433
1789 4475
1791 4259
1792 2609
1792 2883
1792 2852
1792 4285
1792 2061
1794 2822
1795 2580
1796 2179
1796 3366
1796 1897
1796 4239
1796 4760
1797 4573
1798 2190
1798 3990
1799 4353
1799 4535
1799 4183
1799 4656
1800 2036
1801 2373
1801 4072
1801 3375
1801 4628
1801 2878
1801 4822
1801 2684
1801 1854
1803 2390
1804 4777
1804 2084
1805 4553
1805 2006
1806 3587
1806 2657
1806 4692
1807 2066
1807 3764
1807 1957
1808 3013
1809 4682
1810 3226
1810 4492
1811 3424
1811 4501
1812 2999
1813 2676
1814 2705
1814 2898
1815 4421
1815 3061
1816 4586
1816 3204
1817 4756
1818 2376
1819 3134
1819 3847
1820 3576
1821 4000
1822 3625
1822 3278
1823 1913
1823 2099
1825 4884
1825 4588
1826 4858
1826 3172
1826 2605
1826 4607
1827 4100
1827 1949
1829 4577
1830 2274
1830 4683
1830 4098
1830 3571
1830 2580
1830 4661
1830 2975
1831 4044
1832 3402
1832 3290
1833 2060
1833 3484
1834 4198
1835 2496
1835 3028
1835 4301
1835 4334
1836 2737
1837 4049
1837 3567
1838 2358
1839 4557
1840 4441
1840 4141
1841 2425
1841 4725
1841 3903
1842 4065
1842 2004
1842 3543
1842 3039
1843 4603
1844 4288
1844 2346
1844 3139
1844 3772
1845 3895
1846 2480
1846 2368
1846 4821
1846 4317
1847 3907
1847 2222
1848 1985
1848 3555
1849 4566
1850 3580
1851 2722
1852 2921
1853 4841
1853 4044
1854 4135
1855 3978
1855 2989
1855 2631
1856 2802
1856 3469
1858 4232
1858 4610
1859 3339
1859 4241
1859 4410
1860 2801
1860 4117
1862 4472
1863 1894
1863 2797
1863 3421
1863 2074
1863 4634
1864 2780
1864 3011
1866 4159
1867 3739
1867 2428
1868 4193
1868 2819
1868 1956
1868 2923
1868 3949
1868 4622
1868 3920
1868 2898
1868 3732
1869 3139
1870 2872
1870 4700
1871 4880
1873 3409
1874 4049
1874 2501
1875 4684
1875 3757
1876 2906
1877 3728
1877 2632
1878 3570
1879 2717
1881 2224
1881 4561
1881 2154
1881 4877
1882 3616
1883 3042
1883 1884
1883 3789
1883 4013
1883 3735
1883 1944
1883 4572
1884 4572
1885 4363
1886 4611
1887 4548
1888 4761
1888 4475
1889 3789
1890 3545
1890 2741
1891 4435
1891 3812
1891 2326
1892 4509
1893 2171
1895 3627
1897 3998
1898 3666
1898 3693
1899 2707
1900 3371
1901 1960
1901 3849
1901 2900
1901 4463
1903 4718
1904 3041
1904 4000
1904 4455
1904 3278
1904 3798
1904 2045
1904 2206
1905 3707
1905 3161
1905 4690
1905 2947
1905 2062
1906 3777
1907 3891
1907 2598
1908 3897
1908 2075
1909 4235
1909 4283
1912 4296
1912 3639
1914 4776
1914 2772
1914 4835
1915 2533
1915 4094
1915 4725
1916 2880
1916 4188
1916 3181
1917 3978
1917 4135
1918 3240
1918 4060
1919 4745
1920 2590
1920 1991
1921 4561
1921 4900
1923 3083
1923 4644
1923 2013
1924 2119
1925 2548
1926 3032
1926 4848
1927 2357
1927 2373
1928 2248
1928 2521
1928 4313
1929 1985
1929 3941
1929 2309
1930 4224
1930 2415
1931 3163
1932 3144
1932 2972
1932 3997
1933 2892
1933 4085
1933 4184
1933 2525
1934 4111
1935 4368
1936 4070
1936 3213
1936 3525
1937 3686
1937 3531
1937 3186
1937 3261
1941 2040
1941 4478
1942 3387
1942 2787
1942 3695
1943 3011
1943 3868
1944 2450
1944 2868
1945 2000
1945 2578
1945 4639
1946 3193
1947 3474
1947 4442
1948 4209
1948 2586
1948 4788
1950 3516
1951 3982
1952 2735
1952 4021
1954 3241
1954 3215
1955 2099
1956 4904
1956 4193
1956 2898
1957 4052
1958 4258
1958 3975
1959 1963
1960 4184
1960 2084
1961 3022
1962 4054
1962 3695
1964 3693
1964 3917
1964 2550
1964 3358
1965 4003
1965 3975
1965 2638
1965 2539
1966 3239
1967 4452
1969 2235
1970 3129
1970 2170
1974 4379
1974 2423
1976 3872
1976 2306
1976 4132
1977 4023
1978 4865
1978 2468
1979 4817
1979 3147
1979 4620
1980 2102
1981 3794
1982 4802
1982 4812
1983 4723
1984 4600
1984 2897
1984 4406
1986 3570
1986 2660
1987 4544
1987 2116
1987 2941
1988 4834
1988 3563
1988 3935
1989 4028
1989 3604
1989 3494
1990 2502
1990 2874
1990 4790
1993 3065
1995 4450
1996 4077
1996 2021
1997 3528
1997 2436
1997 3940
1998 2261
1999 2906
2000 2534
2000 2409
2000 2346
2000 4369
2001 4520
2002 2064
2002 4882
2003 4738
2003 2004
2003 2325
2003 4759
2003 2557
2004 3755
2004 3856
2004 4915
2005 3746
2005 3691
2006 4771
2006 2985
2006 4716
2007 3586
2007 2466
2007 2967
2008 3109
2008 2661
2010 3293
2011 3357
2012 3058
2014 3656
2014 4396
2015 4003
2016 4224
2018 2037
2019 2744
2022 3015
2022 3367
2024 4354
2024 2643
2024 4631
2025 4681
2025 3038
2026 3443
2028 4532
2028 4454
2029 4825
2030 2337
2030 4482
2030 3651
2030 3887
2032 3184
2032 3344
2032 2553
2033 4434
2033 2165
2034 2464
2035 2805
2035 4095
2036 3343
2037 2315
2037 2200
2038 4237
2039 3132
2040 4881
2040 3375
2042 3355
2043 3592
2043 3305
2044 4223
2044 3485
2044 4247
2046 3536
2046 3638
2047 3872
2047 4448
2047 2157
2048 4306
2049 4672
2049 3325
2049 3126
2049 3549
2050 4120
2050 2951
2051 3048
2052 4155
2053 4617
2054 3723
2055 4111
2056 4030
2057 3736
2057 3512
2058 4116
2060 2378
2060 3563
2060 3057
2060 3003
2060 3773
2062 2874
2063 2802
2064 4112
2064 2282
2065 2886
2065 3094
2067 2552
2067 3375
2068 3830
2069 3901
2070 3704
2070 3393
2071 4225
2071 3330
2071 2183
2071 2990
2071 3120
2071 2675
2072 4204
2073 2608
2074 3702
2075 2538
2076 4648
2076 2699
2078 4635
2080 4040
2080 2943
2081 4257
2081 4271
2082 2136
2082 3866
2082 2891
2083 3424
2083 4293
2084 2444
2084 4795
2084 2686
2085 3488
2085 3884
2085 2297
2086 2518
2088 2310
2090 3436
2090 4692
2091 3806
2092 2146
2092 4588
2093 2161
2093 2581
2094 3304
2094 4144
2094 3595
2094 2942
2095 2332
2095 3670
2096 2858
2097 3394
2100 4712
2101 3433
2101 2436
2102 4328
2102 3490
2104 2777
2105 2311
2106 3167
2107 3009
2107 2330
2110 3834
2111 4176
2111 4500
2112 4249
2112 3578
2112 3539
2114 4105
2114 3094
2115 3945
2115 3071
2116 3273
2116 2941
2117 4043
2118 3840
2118 2889
2119 2864
2119 2258
2121 4273
2121 4918
2122 3648
2122 4032
2122 2821
2122 4775
2122 2301
2122 2949
2123 2789
2124 4046
2125 2440
2125 2922
2125 3894
2125 2318
2125 2654
2126 2779
2127 3480
2127 2793
2127 3474
2127 2583
2128 3457
2128 4777
2130 3286
2131 3181
2133 2561
2133 4050
2134 4522
2135 3810
2135 3237
2136 2891
2136 2276
2137 2810
2137 2958
2137 4071
2138 3515
2139 2536
2139 4728
2140 2745
2140 2459
2141 4206
2142 3914
2142 4339
2142 3431
2143 4435
2144 4615
2145 3360
2146 4659
2147 3855
2148 2540
2149 3315
2149 2661
2150 2540
2152 2881
2152 2651
2152 2411
2152 2839
2152 2195
2152 4792
2152 3899
2153 4564
2154 4453
2156 4210
2157 3872
2157 4448
2158 4555
2158 3607
2159 4167
2159 3764
2160 3065
2160 4892
2160 2743
2161 3043
2161 4198
2162 3947
2162 4212
2162 2279
2163 3816
2163 4250
2163 4707
2164 2761
2164 4106
2164 3821
2166 3594
2166 3805
2167 4057
2167 2565
2168 4688
2168 4381
2169 3424
2169 2736
2170 4890
2171 4273
2171 4566
2172 3276
2173 4418
2174 4238
2176 4214
2176 2625
2176 3751
2177 3313
2177 2255
2178 3676
2178 2940
2179 3444
2179 3366
2181 3250
2182 4254
2182 4393
2183 4545
2183 3330
2183 4845
2184 3865
2185 4856
2185 2305
2185 4127
2185 2943
2186 3304
2186 4325
2190 4284
2192 4036
2192 3551
2195 2208
2195 2881
2195 2641
2195 2779
2197 2786
2197 2286
2197 4304
2197 3058
2198 2568
2198 3669
2199 3544
2199 2519
2202 2282
2202 2955
2203 2592
2203 2303
2204 3049
2204 2300
2204 4526
2206 3113
2206 4178
2207 2303
2208 3123
2208 4770
2208 3368
2208 3979
2208 3408
2208 3925
2208 2651
2209 4503
2210 3554
2210 4707
2211 4774
2211 4856
2211 2925
2211 4141
2211 3719
2212 2828
2213 3193
2213 2414
2213 3247
2214 3860
2214 2695
2215 4079
2216 4217
2216 4724
2217 4294
2217 2879
2218 4481
2219 4042
2220 2265
2220 4835
2220 4794
2221 4121
2222 3635
2223 4228
2225 3383
2225 4246
2225 3183
2227 2515
2227 3028
2228 4116
2229 2239
2231 4265
2232 2456
2232 3067
2233 4458
2235 2984
2235 2543
2236 4497
2237 2316
2237 4853
2238 2489
2238 4219
2239 4672
2239 2285
2240 3252
2240 2516
2241 3132
2242 3176
2242 3544
2242 4086
2243 2441
2244 3748
2244 4590
2245 4129
2248 3571
2249 3578
2250 3819
2250 4087
2251 3424
2253 2596
2253 2335
2254 3806
2255 2401
2256 3689
2258 3665
2261 3377
2262 2520
2262 3037
2263 3785
2263 2965
2264 3560
2264 4223
2265 2646
2266 3256
2266 3194
2267 3193
2267 3006
2268 2737
2268 3436
2269 4134
2270 2302
2271 4565
2272 4290
2272 4707
2273 3632
2273 4284
2275 3544
2276 2872
2276 3084
2277 4231
2278 2330
2278 2402
2281 3961
2281 2374
2282 2304
2282 3115
2282 3413
2282 4279
2283 4548
2283 4396
2283 2711
2284 4256
2284 3542
2284 2637
2285 3119
2286 3243
2286 4004
2287 4803
2288 3319
2292 4169
2292 3733
2292 3711
2293 4366
2295 4498
2296 3004
2296 2701
2296 2324
2297 3427
2297 4927
2299 2681
2299 2982
2300 4573
2301 4450
2301 3565
2301 4231
2302 2769
2305 2700
2306 4448
2306 3872
2306 4132
2306 3880
2306 3646
2307 3252
2307 4180
2308 3328
2308 3904
2308 2572
2309 4886
2309 4657
2310 2763
2310 3093
2311 4377
2313 4893
2313 4391
2314 3671
2314 4029
2317 3256
2317 3194
2317 4885
2317 3430
2318 3897
2319 4356
2320 2372
2321 3529
2321 4580
2322 4821
2323 2396
2324 2475
2326 3433
2326 3790
2327 4272
2327 2509
2328 4158
2329 4026
2329 2916
2329 3245
2329 3630
2331 4087
2333 4090
2334 3344
2335 4005
2335 3820
2335 3439
2336 4759
2337 2784
2337 3627
2338 4208
2338 4085
2340 2999
2341 4324
2342 4258
2343 3305
2343 3347
2343 2742
2345 2852
2345 4457
2345 4912
2345 3093
2346 3772
2348 3497
2351 3148
2354 2515
2355 3146
2355 2663
2356 4290
2357 4048
2357 4737
2357 2373
2359 4732
2360 4809
2362 3193
2362 2924
2363 2474
2364 4006
2367 2505
2367 2941
2368 2480
2368 4819
2368 2837
2369 3098
2370 4050
2371 3578
2371 3038
2372 2999
2372 3926
2372 3102
2373 3552
2373 2918
2373 4593
2374 3234
2374 3111
2374 3400
2374 3180
2374 3895
2374 2553
2374 3838
2375 3440
2377 4040
2377 2516
2379 3620
2379 3547
2379 2390
2379 3579
2380 3456
2380 3378
2381 4417
2381 3581
2382 4424
2383 4601
2383 2789
2384 3141
2385 2989
2386 2411
2386 4486
2386 3275
2386 4914
2386 3059
2386 4792
2386 2779
2387 2864
2387 4411
2388 2625
2389 3969
2389 3540
2390 4261
2390 4518
2390 2865
2390 4189
2392 4679
2392 2764
2392 3410
2392 3282
2393 2618
2394 3503
2395 3986
2396 2672
2396 3072
2396 2735
2397 2458
2398 4732
2399 3077
2400 3941
2400 4727
2401 4710
2402 4752
2403 4506
2403 4835
2404 3017
2404 3613
2405 4234
2405 2894
2406 3358
2406 4357
2407 4216
2408 2610
2408 3733
2411 4792
2411 4446
2411 2584
2411 4606
2411 3899
2411 3198
2413 3726
2414 2509
2415 4224
2415 3202
2415 3090
2415 2933
2416 2460
2416 4339
2416 4404
2417 4504
2418 2707
2419 2612
2420 4774
2421 2507
2421 4612
2421 3605
2422 4260
2422 3067
2423 3260
2424 4895
2425 3062
2427 3894
2430 3222
2433 2685
2433 3327
2434 3363
2435 4395
2435 3735
2436 3561
2437 3747
2437 4356
2437 2983
2438 2689
2438 3211
2440 2538
2441 4205
2442 4443
2444 4777
2444 4937
2444 4839
2445 3560
2445 2795
2446 3132
2446 3973
2447 3353
2447 4111
2448 2525
2449 3685
2452 3107
2452 4757
2453 2836
2454 4584
2454 4582
2455 3723
2455 3780
2456 4895
2457 3796
2457 2725
2457 4935
2458 3033
2458 4166
2458 2903
2459 2924
2460 2785
2460 4296
2460 4310
2461 2619
2461 3926
2462 3858
2463 2596
2463 3439
2464 2663
2465 2602
2465 2587
2465 4358
2465 2763
2465 3727
2466 4051
2467 4014
2468 3734
2470 3579
2471 2864
2471 3701
2473 4452
2476 4047
2478 3060
2479 3169
2479 4308
2479 4117
2479 3329
2481 4471
2482 3961
2483 4425
2483 3074
2483 3610
2483 3559
2484 4129
2484 2899
2485 3208
2485 3249
2486 4873
2487 4165
2487 4279
2488 3764
2489 4262
2490 2565
2491 2650
2492 3231
2493 3344
2493 2653
2494 4882
2494 3413
2495 2699
2496 4154
2496 3977
2497 2845
2498 4029
2498 2549
2498 4253
2499 3252
2500 4374
2501 3890
2501 4049
2501 4665
2502 3771
2503 4082
2504 2870
2505 3930
2506 2745
2508 3621
2509 4272
2509 3193
2510 4111
2511 4105
2512 4485
2512 4887
2512 3740
2514 3455
2517 4015
2518 3833
2518 4603
2519 4030
2521 3912
2521 2642
2521 4889
2521 2559
2522 3448
2524 3967
2526 3104
2527 3331
2527 4316
2527 3986
2527 4094
2528 2579
2528 3502
2529 3515
2530 4823
2531 4672
2532 4630
2534 4465
2534 4526
2536 3196
2537 4609
2537 3318
2537 4377
2538 4038
2539 4003
2540 4152
2540 2842
2541 3037
2542 3538
2543 3013
2545 2818
2545 3639
2546 3340
2546 4413
2547 3778
2547 4267
2548 3974
2549 4035
2549 3191
2550 3801
2551 3962
2551 3135
2552 3661
2552 3600
2552 4822
2552 3550
2553 3848
2553 4393
2553 4076
2553 2738
2553 3963
2554 3653
2556 3034
2558 2679
2559 3627
2559 3414
2560 3765
2561 4050
2562 4482
2562 3643
2563 4403
2564 3090
2564 3703
2565 2720
2565 4354
2565 4057
2565 3644
2567 3270
2569 3167
2570 4824
2571 4574
2574 4434
2574 2579
2575 4771
2575 4428
2576 3186
2576 4842
2578 3688
2583 3474
2585 3954
2588 3104
2588 4456
2588 2909
2589 3169
2590 4722
2590 3517
2591 3213
2591 3065
2594 4277
2595 3026
2598 2955
2600 3024
2600 3721
2600 4131
2600 2764
2601 3152
2602 2763
2602 4227
2602 3700
2603 2870
2605 3650
2606 4900
2606 3532
2607 4504
2607 4891
2607 4015
2609 3969
2609 2915
2610 3733
2610 3711
2611 4897
2611 4813
2611 3550
2612 2957
2613 3239
2614 3328
2614 4275
2614 4222
2616 4469
2616 3577
2617 3431
2617 4657
2617 4063
2619 3685
2619 3562
2619 4659
2619 3450
2620 4416
2620 4679
2622 4563
2622 3342
2622 3014
2622 4871
2623 4224
2624 3020
2626 4753
2626 2757
2627 4479
2628 3288
2630 4449
2630 3687
2631 3308
2632 4849
2632 4243
2634 4134
2635 3474
2637 3958
2638 4258
2638 2834
2638 3477
2638 4758
2639 3626
2642 2662
2643 4354
2643 4631
2644 4154
2647 4437
2648 3809
2649 3579
2650 4087
2651 3123
2651 3925
2651 3899
2652 3786
2654 3168
2654 2922
2654 4196
2655 3806
2655 3287
2656 2891
2656 2887
2658 2792
2658 3141
2659 4316
2659 3950
2660 3289
2662 4408
2662 4886
2663 3913
2663 3409
2666 4047
2667 4907
2667 3379
2668 3803
2670 4784
2671 3638
2672 4012
2673 4582
2673 4670
2674 2896
2674 4683
2675 3120
2675 3330
2675 2990
2677 3300
2679 4526
2682 2787
2684 4868
2684 3750
2685 4747
2685 3036
2686 4040
2686 2827
2686 4012
2687 4781
2688 4755
2688 4075
2689 3378
2689 3765
2690 3040
2690 3205
2691 3341
2692 3324
2692 2711
2693 3162
2694 4405
2697 4146
2697 2701
2698 3835
2699 2909
2700 4909
2702 3217
2703 4570
2704 4025
2706 2707
2707 4112
2708 3519
2709 3729
2710 3267
2710 3933
2711 2956
2711 4429
2711 4464
2711 3612
2712 3865
2712 4575
2713 2767
2714 2781
2714 4861
2717 3170
2717 4146
2718 4286
2720 4161
2720 4354
2720 4631
2721 2930
2721 4205
2721 3197
2722 4500
2722 4373
2723 3703
2725 4229
2726 3840
2727 4363
2728 3306
2730 2905
2730 3607
2731 2944
2732 3306
2732 2788
2733 4457
2733 3191
2734 4717
2734 3094
2737 3903
2738 4546
2738 4485
2738 3239
2738 4811
2738 3195
2738 3740
2740 4727
2741 4591
2743 2744
2745 3429
2745 2759
2745 2824
2745 3757
2745 3258
2749 2762
2749 3132
2750 4501
2751 4652
2751 3749
2752 3873
2753 4000
2754 3800
2754 2910
2756 3430
2758 4512
2760 3587
2760 4300
2762 2860
2763 4227
2764 3960
2764 4916
2765 3817
2765 3187
2765 4247
2766 3755
2768 4729
2768 4282
2768 2939
2769 3717
2770 3707
2771 3034
2771 4111
2772 4776
2772 4835
2773 4092
2773 3622
2775 3454
2776 3268
2778 3642
2779 2881
2779 3275
2779 4914
2780 4386
2780 3011
2784 3651
2784 4852
2785 4032
2785 3002
2786 4304
2788 4384
2788 4170
2790 4472
2790 3247
2791 3680
2791 3362
2792 3371
2792 4331
2793 3474
2793 4708
2795 3684
2796 3727
2798 4588
2799 3123
2800 3768
2800 3788
2801 4117
2802 3429
2802 4688
2803 3670
2804 3244
2804 3598
2805 4667
2805 3914
2805 4613
2806 4272
2807 4741
2807 2845
2809 3355
2810 4934
2811 3608
2812 4689
2814 4393
2814 4764
2814 4254
2816 4195
2816 3031
2817 3405
2820 3962
2822 4536
2822 4644
2823 4851
2823 2870
2824 4530
2825 4845
2827 3811
2829 3961
2831 4135
2832 3789
2833 4931
2835 3267
2835 3751
2837 4385
2839 4619
2841 4484
2843 3131
2843 2994
2843 3915
2844 4696
2846 3225
2846 3954
2847 3672
2847 3302
2851 3854
2852 3191
2853 3475
2853 3262
2854 3986
2854 3052
2855 4032
2856 3113
2857 3248
2857 3363
2858 4496
2859 3169
2859 3003
2861 4553
2861 3964
2862 4160
2863 3911
2864 3701
2865 4189
2865 4647
2868 3304
2868 4336
2868 4721
2868 4572
2869 3185
2870 3340
2872 3653
2874 4289
2876 4330
2877 3835
2877 3668
2878 3682
2879 3982
2880 4049
2881 3011
2881 3224
2882 4054
2884 3535
2885 4472
2885 3803
2885 3236
2886 4768
2888 4724
2888 3277
2888 4423
2889 3476
2890 4479
2891 2986
2893 3444
2893 4239
2895 3008
2896 3992
2896 4683
2897 4583
2897 3280
2897 4406
2898 4193
2898 3554
2898 3016
2898 3689
2898 3746
2898 3597
2898 4702
2899 3760
2899 3951
2900 3296
2902 4582
2902 3415
2904 4338
2906 4824
2907 4592
2907 4168
2907 3819
2908 4626
2908 3543
2908 4431
2908 3343
2910 4285
2911 4113
2911 4025
2911 4187
2911 4158
2913 4097
2913 3301
2914 4244
2915 3492
2916 3768
2917 3350
2919 3728
2921 3212
2921 4134
2922 3894
2922 4305
2923 3949
2923 3732
2927 2946
2928 4914
2929 4852
2930 4205
2930 4197
2931 3256
2932 3271
2933 3608
2933 4360
2934 3386
2935 3845
2936 3321
2936 4898
2938 3066
2938 3639
2940 3676
2941 4853
2942 4893
2943 3785
2943 4088
2944 3214
2946 4266
2946 3055
2946 3479
2947 3752
2947 3668
2947 3645
2948 4329
2949 3565
2950 3530
2951 3672
2952 3099
2952 4745
2954 3667
2955 4114
2957 3729
2958 4843
2959 3609
2959 4621
2960 4034
2961 3004
2962 3684
2964 3128
2966 4383
2967 3274
2967 4051
2968 4731
2969 3745
2970 3884
2971 3209
2973 4221
2974 4040
2974 4864
2976 4823
2977 3027
2983 4335
2983 4356
2986 3610
2986 4845
2987 4350
2988 4040
2988 2999
2989 4908
2990 3120
2991 4855
2993 3208
2994 4404
2994 3999
2995 4211
2996 4500
2996 3557
2997 3376
2997 4575
2999 4123
3000 3978
3001 4252
3002 3857
3003 3169
3003 3903
3004 3819
3005 4829
3009 4472
3010 4009
3011 3868
3011 4792
3013 3987
3015 4816
3015 3097
3015 4653
3016 3746
3017 3613
3019 4217
3019 4642
3022 3753
3022 3649
3025 4796
3025 3714
3025 4235
3025 4444
3027 3372
3027 3222
3028 4334
3029 3288
3030 4750
3033 4166
3033 3343
3033 3664
3034 3423
3035 3917
3036 4747
3038 3841
3039 4177
3041 3795
3041 4814
3045 4409
3045 3774
3047 3395
3049 4369
3050 4578
3051 3560
3052 3367
3053 4185
3054 4385
3054 4146
3055 3259
3055 3546
3056 4693
3056 4549
3058 4701
3059 3899
3062 4623
3063 4258
3066 4387
3066 3510
3069 4043
3071 3312
3071 3521
3073 4299
3073 3260
3074 3613
3075 3652
3075 3389
3075 4717
3076 4170
3078 4889
3078 3414
3080 3714
3080 4540
3081 3655
3082 4312
3083 3221
3085 3780
3085 3413
3085 3286
3086 3666
3087 4087
3088 3819
3089 4803
3089 3734
3090 3349
3091 3847
3092 4232
3094 4105
3095 3807
3096 4836
3096 3767
3097 3986
3099 4933
3100 3475
3100 3172
3100 4858
3102 3238
3103 4123
3104 4616
3106 3817
3106 3474
3106 4487
3107 4802
3108 4128
3110 4259
3111 4354
3112 4351
3114 4474
3117 3626
3118 4649
3119 4672
3121 3478
3121 3159
3122 4689
3122 4524
3123 3408
3123 3925
3124 4368
3124 4489
3125 4789
3127 3302
3128 3438
3131 4056
3131 3639
3132 4480
3132 3893
3133 3216
3135 3478
3136 4917
3140 3652
3145 4711
3145 4343
3146 3913
3149 3177
3152 3529
3152 4806
3153 3650
3153 4607
3155 3432
3155 3229
3156 4420
3156 4189
3158 4803
3161 3668
3162 4308
3163 3927
3165 4201
3165 4298
3165 4595
3165 4633
3165 4767
3166 4682
3166 4906
3169 3468
3169 4240
3169 4341
3169 3359
3171 3255
3172 4084
3172 4607
3175 3198
3175 3830
3178 4654
3179 4335
3181 4087
3182 3369
3182 4419
3183 4246
3183 4255
3185 3579
3186 3506
3187 3982
3187 4247
3188 4758
3191 3331
3191 4653
3191 4080
3191 4725
3191 3903
3193 3247
3193 4062
3194 3462
3194 3351
3195 3819
3196 4936
3196 4892
3197 3201
3198 4704
3200 4255
3203 3748
3203 3228
3205 4163
3207 4305
3208 4068
3208 3249
3208 3210
3209 3271
3212 4134
3213 3525
3214 3376
3215 3241
3215 4423
3216 4838
3217 3836
3218 3435
3220 4488
3220 4377
3220 4007
3221 3763
3228 3445
3229 4375
3229 4870
3229 3783
3232 3267
3234 3961
3235 3585
3236 4752
3236 3247
3237 3810
3240 4113
3241 4423
3241 3277
3241 4467
3241 4244
3242 4248
3243 4004
3244 3916
3244 4418
3247 3549
3248 3363
3248 3330
3249 4352
3249 3908
3249 4254
3250 4641
3250 4845
3250 3705
3254 3260
3257 3987
3259 4912
3259 3866
3260 4061
3263 3359
3264 4689
3268 4851
3269 4587
3270 3394
3270 3742
3272 4091
3273 4156
3275 3782
3276 3863
3277 4423
3278 4913
3278 4860
3280 3701
3281 4265
3284 3634
3284 4532
3284 4318
3286 4882
3288 3776
3288 3834
3288 3706
3291 3635
3291 3535
3292 3652
3295 4809
3297 4919
3297 4483
3298 3310
3301 4780
3301 3389
3302 3745
3305 4887
3307 4488
3309 4852
3309 3606
3311 4357
3312 4357
3314 4107
3315 3553
3316 3459
3316 4757
3317 4936
3317 4206
3317 3382
3319 4176
3319 3437
3323 3454
3324 3488
3324 3427
3324 4189
3327 3905
3327 4355
3327 4673
3327 4649
3327 3338
3328 4222
3330 4225
3331 4080
3334 4518
3336 4454
3342 4862
3342 3618
3342 3591
3342 4871
3342 4341
3344 4517
3344 4393
3344 4083
3344 3448
3344 3644
3344 4133
3345 4441
3349 3781
3351 3568
3351 3695
3352 4395
3356 3674
3360 4255
3361 4928
3361 4358
3363 4729
3364 4045
3366 3998
3367 4316
3369 3744
3370 4001
3371 4800
3371 3961
3374 4810
3376 3565
3379 4452
3381 4898
3385 3676
3385 4460
3390 4271
3391 4502
3392 3438
3392 4134
3393 3704
3394 4348
3395 3891
3395 4086
3397 3741
3401 3509
3404 4695
3405 4003
3405 4077
3405 3975
3406 3659
3407 3648
3407 4598
3408 3979
3408 4770
3409 3950
3410 3446
3411 4323
3412 3976
3415 4020
3415 4158
3416 3479
3418 3743
3419 4871
3420 4049
3422 4622
3423 4659
3424 4718
3424 4510
3427 3488
3427 3884
3427 4507
3429 4062
3430 4769
3430 3974
3431 4801
3433 4230
3433 4436
3434 4287
3440 3844
3444 4734
3448 3961
3449 3683
3449 4140
3449 4821
3450 3685
3452 4689
3452 4582
3453 4888
3455 4216
3455 4099
3457 4276
3458 3626
3459 4833
3460 3987
3461 4356
3462 3497
3463 4417
3464 3653
3465 3489
3465 4075
3466 4257
3466 3527
3468 4342
3469 4340
3469 3775
3470 4802
3471 4731
3472 4349
3473 4751
3474 4241
3474 4210
3474 4268
3474 3480
3474 4442
3475 4084
3476 3840
3477 3944
3483 4562
3484 3611
3485 4251
3486 3921
3487 3838
3489 3815
3492 3980
3493 4666
3495 4064
3495 3718
3495 4615
3499 4740
3500 3556
3501 3621
3501 3663
3503 4795
3503 3636
3504 4368
3505 4081
3505 4466
3506 4629
3506 4010
3507 3704
3507 4378
3507 3778
3508 4194
3512 3736
3513 4569
3513 4563
3514 3782
3523 4027
3526 4115
3528 4273
3529 4806
3529 3570
3535 3907
3535 3894
3537 3730
3537 3735
3542 4256
3542 4676
3543 4516
3543 4376
3544 4315
3545 3959
3545 4143
3549 4062
3551 3716
3552 4494
3553 4124
3554 4707
3554 4511
3555 4850
3556 4081
3558 4536
3562 4929
3563 4834
3564 4401
3567 3961
3567 4837
3572 3832
3574 4694
3574 4510
3576 3615
3577 4810
3579 4518
3580 4384
3581 4884
3582 4318
3584 4835
3584 4479
3585 4573
3587 3824
3587 4576
3588 4534
3589 4064
3591 3611
3591 3903
3598 4283
3602 3903
3603 3757
3608 4415
3609 4346
3611 4341
3617 4069
3618 3912
3618 4171
3620 4592
3620 4033
3622 4092
3623 4913
3624 4891
3625 4000
3627 3858
3628 3734
3631 4311
3632 3660
3632 4307
3632 4539
3632 4069
3633 4915
3636 3876
3636 3759
3637 4453
3641 4754
3645 4924
3645 3974
3646 4448
3646 4132
3650 4858
3650 4607
3651 3858
3652 4768
3652 3741
3654 3873
3655 4388
3655 4691
3659 3945
3659 4291
3660 4394
3661 4897
3662 4863
3664 4431
3666 4324
3666 4772
3667 3964
3672 4503
3673 4808
3675 4342
3676 4448
3676 4132
3676 3740
3676 4460
3678 4183
3679 4565
3680 4592
3681 4234
3682 3903
3685 3852
3687 4011
3688 4857
3690 4168
3692 4434
3692 4110
3693 3801
3694 4092
3695 4113
3696 3732
3697 4608
3698 4684
3699 4452
3701 4406
3709 3854
3710 4689
3710 4113
3711 3733
3712 4307
3714 4796
3717 4930
3718 4888
3720 3813
3722 4851
3725 4449
3726 3952
3727 3866
3730 3853
3731 4893
3733 4169
3735 4572
3737 4173
3739 3851
3746 4330
3746 4290
3746 4047
3752 3974
3754 4111
3755 3892
3757 4736
3758 4643
3759 4073
3760 4359
3761 4281
3768 3946
3770 4045
3774 4000
3774 4874
3777 3860
3778 3779
3780 4332
3782 4486
3783 4600
3783 4375
3786 4848
3789 4920
3790 4436
3792 4099
3792 4714
3793 4487
3796 4743
3796 4223
3797 4295
3802 4847
3807 4548
3807 4614
3807 4638
3812 3988
3814 4614
3816 4290
3817 4452
3818 3873
3819 4128
3819 4448
3819 3904
3819 4343
3820 4724
3820 4437
3821 4582
3823 4890
3826 4753
3826 4263
3827 3982
3829 4290
3832 4105
3838 4354
3840 3867
3844 4760
3844 4555
3844 4741
3844 4734
3845 4407
3846 4420
3848 4517
3848 3934
3850 4541
3855 3900
3859 4664
3860 3993
3861 4756
3863 4921
3863 4085
3863 4909
3864 4472
3865 4231
3866 4182
3870 4056
3871 4315
3872 4448
3872 4132
3873 3936
3873 4179
3878 4013
3879 4538
3881 4855
3888 4582
3889 3949
3895 4354
3898 4329
3899 4422
3899 4606
3899 4792
3899 4446
3903 4547
3903 4653
3903 4277
3904 4087
3908 4254
3909 3961
3910 4573
3910 4278
3911 4832
3916 4748
3916 4359
3917 4351
3918 4640
3919 4177
3920 4622
3922 4301
3923 4211
3925 3979
3929 4207
3932 4893
3933 4516
3935 4804
3936 4288
3936 4899
3936 4370
3937 4152
3938 4194
3938 4940
3941 4886
3942 4685
3943 4671
3948 4323
3951 4200
3956 4143
3957 4393
3957 4083
3960 4136
3960 4349
3960 4247
3962 4426
3964 4070
3965 4541
3966 4350
3967 4880
3968 4473
3971 4739
3971 4069
3973 4045
3981 4277
3982 3984
3982 4697
3984 4697
3985 4602
3986 4080
3986 4725
3988 4710
3989 4144
3994 4878
3995 4492
3997 4332
3997 4778
3999 4850
4000 4392
4000 4055
4003 4077
4005 4423
4005 4467
4005 4100
4008 4920
4009 4257
4010 4036
4010 4037
4010 4116
4012 4021
4019 4675
4020 4582
4021 4145
4022 4571
4025 4717
4025 4134
4027 4596
4029 4080
4031 4135
4037 4499
4038 4078
4040 4527
4045 4677
4045 4300
4046 4355
4046 4157
4046 4149
4051 4405
4053 4690
4054 4329
4054 4113
4055 4874
4061 4251
4063 4171
4069 4739
4070 4744
4071 4077
4072 4686
4074 4574
4077 4481
4077 4805
4077 4492
4081 4824
4084 4858
4086 4560
4087 4188
4091 4929
4093 4585
4096 4541
4099 4930
4101 4277
4102 4308
4103 4202
4103 4509
4108 4236
4108 4477
4109 4910
4111 4126
4113 4329
4114 4279
4115 4237
4115 4421
4117 4361
4118 4666
4119 4259
4122 4684
4124 4843
4124 4934
4125 4337
4125 4779
4127 4774
4128 4448
4132 4448
4134 4321
4134 4274
4135 4686
4136 4297
4136 4349
4137 4755
4141 4699
4142 4642
4142 4926
4142 4793
4144 4893
4146 4312
4147 4727
4148 4824
4155 4891
4155 4542
4157 4759
4158 4187
4162 4195
4163 4868
4165 4279
4167 4313
4170 4716
4173 4280
4174 4518
4181 4289
4185 4188
4186 4725
4186 4671
4188 4655
4189 4429
4198 4858
4200 4696
4207 4574
4208 4295
4211 4718
4213 4459
4214 4626
4217 4724
4218 4505
4218 4933
4218 4695
4221 4901
4223 4229
4223 4743
4223 4935
4226 4917
4232 4415
4234 4838
4235 4283
4235 4359
4239 4760
4239 4344
4241 4410
4242 4379
4246 4292
4247 4515
4247 4454
4247 4487
4247 4916
4247 4799
4250 4707
4251 4487
4253 4533
4254 4549
4254 4393
4256 4830
4265 4785
4265 4561
4270 4844
4273 4710
4273 4495
4273 4918
4276 4851
4276 4839
4282 4729
4288 4624
4288 4773
4291 4324
4297 4532
4297 4349
4302 4794
4305 4758
4311 4804
4316 4749
4317 4821
4318 4350
4318 4535
4327 4557
4335 4503
4344 4760
4347 4651
4347 4893
4352 4756
4354 4631
4355 4639
4362 4654
4364 4827
4365 4406
4366 4471
4368 4846
4368 4489
4371 4492
4374 4569
4377 4866
4379 4807
4382 4746
4383 4632
4383 4596
4384 4728
4390 4417
4393 4811
4398 4485
4399 4666
4400 4827
4401 4798
4402 4901
4412 4527
4415 4883
4418 4490
4419 4808
4427 4580
4432 4781
4434 4536
4436 4710
4439 4828
4443 4630
4444 4696
4454 4532
4459 4552
4463 4824
4463 4732
4465 4523
4466 4824
4467 4469
4473 4861
4490 4540
4492 4789
4497 4668
4504 4652
4505 4814
4506 4835
4507 4820
4512 4707
4514 4742
4524 4670
4525 4574
4529 4901
4532 4751
4537 4866
4539 4887
4549 4811
4554 4858
4558 4560
4558 4831
4573 4639
4579 4582
4587 4803
4589 4711
4597 4816
4597 4749
4598 4798
4601 4695
4610 4883
4642 4724
4650 4875
4652 4891
4668 4786
4669 4780
4669 4717
4671 4725
4685 4836
4689 4705
4695 4787
4697 4939
4710 4918
4717 4784
4723 4923
4735 4770
4751 4867
4760 4931
4776 4835
4776 4794
4779 4848
4794 4835
4800 4894
4804 4834
4814 4913
4818 4862
4845 4902
4847 4872
4864 4937